    1.000   509.000  -0.437598E-01
    1.500   509.000  -0.434961E-01
    2.000   509.000  -0.428602E-01
    2.499   509.000  -0.416822E-01
    2.999   509.000  -0.400217E-01
    3.499   509.000  -0.380097E-01
    3.999   509.000  -0.357530E-01
    4.498   509.000  -0.333724E-01
    4.998   509.000  -0.309795E-01
    5.498   509.000  -0.286692E-01
    5.998   509.000  -0.265222E-01
    6.497   509.000  -0.245910E-01
    6.997   509.000  -0.228885E-01
    7.497   509.000  -0.213979E-01
    7.997   509.000  -0.200822E-01
    8.496   509.000  -0.188884E-01
    8.996   509.000  -0.177562E-01
    9.496   509.000  -0.166263E-01
    9.996   509.000  -0.154485E-01
   10.495   509.000  -0.141866E-01
   10.995   509.000  -0.128245E-01
   11.495   509.000  -0.113648E-01
   11.995   509.000  -0.982768E-02
   12.494   509.000  -0.824835E-02
   12.994   509.000  -0.667312E-02
   13.494   509.000  -0.515381E-02
   13.994   509.000  -0.374195E-02
   14.493   509.000  -0.248285E-02
   14.993   509.000  -0.140964E-02
   15.493   509.000  -0.539506E-03
   15.993   509.000   0.129242E-03
   16.492   509.000   0.618227E-03
   16.992   509.000   0.969525E-03
   17.492   509.000   0.124073E-02
   17.992   509.000   0.149993E-02
   18.491   509.000   0.181808E-02
   18.991   509.000   0.226170E-02
   19.491   509.000   0.288391E-02
   19.991   509.000   0.371602E-02
   20.490   509.000   0.476383E-02
   20.990   509.000   0.600445E-02
   21.490   509.000   0.738919E-02
   21.990   509.000   0.884619E-02
   22.489   509.000   0.102916E-01
   22.989   509.000   0.116406E-01
   23.489   509.000   0.128187E-01
   23.989   509.000   0.137726E-01
   24.489   509.000   0.144790E-01
   24.988   509.000   0.149519E-01
   25.488   509.000   0.152410E-01
   25.988   509.000   0.154284E-01
   26.488   509.000   0.156191E-01
   26.987   509.000   0.159308E-01
   27.487   509.000   0.164795E-01
   27.987   509.000   0.173655E-01
   28.487   509.000   0.186614E-01
   28.986   509.000   0.204009E-01
   29.486   509.000   0.225755E-01
   29.986   509.000   0.251327E-01
   30.486   509.000   0.279801E-01
   30.985   509.000   0.309913E-01
   31.485   509.000   0.340164E-01
   31.985   509.000   0.368936E-01
   32.485   509.000   0.394610E-01
   32.984   509.000   0.415680E-01
   33.484   509.000   0.430849E-01
   33.984   509.000   0.439115E-01
   34.484   509.000   0.439831E-01
   34.983   509.000   0.432753E-01
   35.483   509.000   0.418047E-01
   35.983   509.000   0.396278E-01
   36.483   509.000   0.368380E-01
   36.982   509.000   0.335603E-01
   37.482   509.000   0.299425E-01
   37.982   509.000   0.261463E-01
   38.482   509.000   0.223350E-01
   38.981   509.000   0.186604E-01
   39.481   509.000   0.152511E-01
   39.981   509.000   0.122009E-01
   40.481   509.000   0.956155E-02
   40.980   509.000   0.733594E-02
   41.480   509.000   0.548062E-02
   41.980   509.000   0.390822E-02
   42.480   509.000   0.249998E-02
   42.979   509.000   0.111826E-02
   43.479   509.000  -0.375918E-03
   43.979   509.000  -0.210544E-02
   44.479   509.000  -0.416191E-02
   44.979   509.000  -0.659126E-02
   45.478   509.000  -0.938772E-02
   45.978   509.000  -0.124887E-01
   46.478   509.000  -0.157817E-01
   46.978   509.000  -0.191121E-01
   47.477   509.000  -0.222994E-01
   47.977   509.000  -0.251538E-01
   48.477   509.000  -0.274948E-01
   48.977   509.000  -0.291695E-01
   49.476   509.000  -0.300652E-01
   49.976   509.000  -0.301227E-01
   50.476   509.000  -0.293380E-01
   50.976   509.000  -0.277635E-01
   51.475   509.000  -0.255012E-01
   51.975   509.000  -0.226942E-01
   52.475   509.000  -0.195128E-01
   52.975   509.000  -0.161394E-01
   53.474   509.000  -0.127550E-01
   53.974   509.000  -0.952547E-02
   54.474   509.000  -0.659044E-02
   54.974   509.000  -0.405370E-02
   55.473   509.000  -0.197932E-02
   55.973   509.000  -0.389304E-03
   56.473   509.000   0.734526E-03
   56.973   509.000   0.144687E-02
   57.472   509.000   0.183239E-02
   57.972   509.000   0.199779E-02
   58.472   509.000   0.206319E-02
   58.972   509.000   0.215274E-02
   59.471   509.000   0.238631E-02
   59.971   509.000   0.287126E-02
   60.471   509.000   0.369594E-02
   60.971   509.000   0.492389E-02
   61.470   509.000   0.659053E-02
   61.970   509.000   0.870113E-02
   62.470   509.000   0.112307E-01
   62.970   509.000   0.141254E-01
   63.469   509.000   0.173061E-01
   63.969   509.000   0.206731E-01
   64.469   509.000   0.241126E-01
   64.969   509.000   0.275042E-01
   65.468   509.000   0.307292E-01
   65.968   509.000   0.336794E-01
   66.468   509.000   0.362661E-01
   66.968   509.000   0.384274E-01
   67.468   509.000   0.401340E-01
   67.967   509.000   0.413918E-01
   68.467   509.000   0.422417E-01
   68.967   509.000   0.427578E-01
   69.467   509.000   0.430368E-01
   69.966   509.000   0.431887E-01
   70.466   509.000   0.433221E-01
   70.966   509.000   0.435319E-01
   71.466   509.000   0.438855E-01
   71.965   509.000   0.444106E-01
   72.465   509.000   0.450909E-01
   72.965   509.000   0.458625E-01
   73.465   509.000   0.466223E-01
   73.964   509.000   0.472363E-01
   74.464   509.000   0.475571E-01
   74.964   509.000   0.474408E-01
   75.464   509.000   0.467650E-01
   75.963   509.000   0.454476E-01
   76.463   509.000   0.434548E-01
   76.963   509.000   0.408089E-01
   77.463   509.000   0.375830E-01
   77.962   509.000   0.338945E-01
   78.462   509.000   0.298880E-01
   78.962   509.000   0.257172E-01
   79.462   509.000   0.215265E-01
   79.961   509.000   0.174323E-01
   80.461   509.000   0.135139E-01
   80.961   509.000   0.980391E-02
   81.461   509.000   0.629384E-02
   81.960   509.000   0.293956E-02
   82.460   509.000  -0.323490E-03
   82.960   509.000  -0.356485E-02
   83.460   509.000  -0.684421E-02
   83.959   509.000  -0.101956E-01
   84.459   509.000  -0.136227E-01
   84.959   509.000  -0.170931E-01
   85.459   509.000  -0.205459E-01
   85.958   509.000  -0.238982E-01
   86.458   509.000  -0.270592E-01
   86.958   509.000  -0.299442E-01
   87.458   509.000  -0.324846E-01
   87.957   509.000  -0.346393E-01
   88.457   509.000  -0.363952E-01
   88.957   509.000  -0.377686E-01
   89.457   509.000  -0.387968E-01
   89.957   509.000  -0.395298E-01
   90.456   509.000  -0.400204E-01
   90.956   509.000  -0.403131E-01
   91.456   509.000  -0.404392E-01
   91.956   509.000  -0.404108E-01
   92.455   509.000  -0.402237E-01
   92.955   509.000  -0.398599E-01
   93.455   509.000  -0.392944E-01
   93.955   509.000  -0.385025E-01
   94.454   509.000  -0.374651E-01
   94.954   509.000  -0.361739E-01
   95.454   509.000  -0.346313E-01
   95.954   509.000  -0.328506E-01
   96.453   509.000  -0.308512E-01
   96.953   509.000  -0.286543E-01
   97.453   509.000  -0.262803E-01
   97.953   509.000  -0.237442E-01
   98.452   509.000  -0.210581E-01
   98.952   509.000  -0.182325E-01
   99.452   509.000  -0.152823E-01
   99.952   509.000  -0.122322E-01
  100.451   509.000  -0.912139E-02
  100.951   509.000  -0.600896E-02
  101.451   509.000  -0.297119E-02
  101.951   509.000  -0.100149E-03
  102.450   509.000   0.250599E-02
  102.950   509.000   0.475228E-02
  103.450   509.000   0.655876E-02
  103.950   509.000   0.787213E-02
  104.449   509.000   0.867192E-02
  104.949   509.000   0.897672E-02
  105.449   509.000   0.883956E-02
  105.949   509.000   0.834322E-02
  106.448   509.000   0.758688E-02
  106.948   509.000   0.667228E-02
  107.448   509.000   0.568944E-02
  107.948   509.000   0.470209E-02
  108.447   509.000   0.374065E-02
  108.947   509.000   0.279536E-02
  109.447   509.000   0.182074E-02
  109.947   509.000   0.740795E-03
  110.447   509.000  -0.538504E-03
  110.946   509.000  -0.211561E-02
  111.446   509.000  -0.408017E-02
  111.946   509.000  -0.649888E-02
  112.446   509.000  -0.940850E-02
  112.945   509.000  -0.128090E-01
  113.445   509.000  -0.166647E-01
  113.945   509.000  -0.209065E-01
  114.445   509.000  -0.254391E-01
  114.944   509.000  -0.301492E-01
  115.444   509.000  -0.349136E-01
  115.944   509.000  -0.396085E-01
  116.444   509.000  -0.441149E-01
  116.943   509.000  -0.483258E-01
  117.443   509.000  -0.521489E-01
  117.943   509.000  -0.555098E-01
  118.443   509.000  -0.583544E-01
  118.942   509.000  -0.606507E-01
  119.442   509.000  -0.623902E-01
  119.942   509.000  -0.635886E-01
  120.442   509.000  -0.642856E-01
  120.941   509.000  -0.645440E-01
  121.441   509.000  -0.644452E-01
  121.941   509.000  -0.640851E-01
  122.441   509.000  -0.635646E-01
  122.940   509.000  -0.629826E-01
  123.440   509.000  -0.624251E-01
  123.940   509.000  -0.619569E-01
  124.440   509.000  -0.616153E-01
  124.939   509.000  -0.614053E-01
  125.439   509.000  -0.613010E-01
  125.939   509.000  -0.612477E-01
  126.439   509.000  -0.611706E-01
  126.938   509.000  -0.609846E-01
  127.438   509.000  -0.606054E-01
  127.938   509.000  -0.599605E-01
  128.438   509.000  -0.589981E-01
  128.937   509.000  -0.576944E-01
  129.437   509.000  -0.560550E-01
  129.937   509.000  -0.541150E-01
  130.437   509.000  -0.519334E-01
  130.936   509.000  -0.495858E-01
  131.436   509.000  -0.471565E-01
  131.936   509.000  -0.447286E-01
  132.436   509.000  -0.423772E-01
  132.936   509.000  -0.401621E-01
  133.435   509.000  -0.381257E-01
  133.935   509.000  -0.362905E-01
  134.435   509.000  -0.346611E-01
  134.935   509.000  -0.332268E-01
  135.434   509.000  -0.319656E-01
  135.934   509.000  -0.308481E-01
  136.434   509.000  -0.298419E-01
  136.934   509.000  -0.289143E-01
  137.433   509.000  -0.280350E-01
  137.933   509.000  -0.271768E-01
  138.433   509.000  -0.263161E-01
  138.933   509.000  -0.254321E-01
  139.432   509.000  -0.245061E-01
  139.932   509.000  -0.235200E-01
  140.432   509.000  -0.224558E-01
  140.932   509.000  -0.212947E-01
  141.431   509.000  -0.200178E-01
  141.931   509.000  -0.186067E-01
  142.431   509.000  -0.170457E-01
  142.931   509.000  -0.153241E-01
  143.430   509.000  -0.134401E-01
  143.930   509.000  -0.114031E-01
  144.430   509.000  -0.923734E-02
  144.930   509.000  -0.698377E-02
  145.429   509.000  -0.470000E-02
  145.929   509.000  -0.245916E-02
  146.429   509.000  -0.344659E-03
  146.929   509.000   0.155540E-02
  147.428   509.000   0.315757E-02
  147.928   509.000   0.439211E-02
  148.428   509.000   0.521256E-02
  148.928   509.000   0.560465E-02
  149.427   509.000   0.559035E-02
  149.927   509.000   0.523096E-02
  150.427   509.000   0.462246E-02
  150.927   509.000   0.388984E-02
  151.426   509.000   0.317453E-02
  151.926   509.000   0.262111E-02
  152.426   509.000   0.236277E-02
  152.926   509.000   0.250652E-02
  153.426   509.000   0.312404E-02
  153.925   509.000   0.424318E-02
  154.425   509.000   0.584864E-02
  154.925   509.000   0.788405E-02
  155.425   509.000   0.102614E-01
  155.924   509.000   0.128721E-01
  156.424   509.000   0.155989E-01
  156.924   509.000   0.183297E-01
  157.424   509.000   0.209650E-01
  157.923   509.000   0.234266E-01
  158.423   509.000   0.256581E-01
  158.923   509.000   0.276253E-01
  159.423   509.000   0.293118E-01
  159.922   509.000   0.307134E-01
  160.422   509.000   0.318335E-01
  160.922   509.000   0.326784E-01
  161.422   509.000   0.332559E-01
  161.921   509.000   0.335747E-01
  162.421   509.000   0.336468E-01
  162.921   509.000   0.334900E-01
  163.421   509.000   0.331298E-01
  163.920   509.000   0.326014E-01
  164.420   509.000   0.319466E-01
  164.920   509.000   0.312116E-01
  165.420   509.000   0.304391E-01
  165.919   509.000   0.296617E-01
  166.419   509.000   0.288944E-01
  166.919   509.000   0.281284E-01
  167.419   509.000   0.273297E-01
  167.918   509.000   0.264385E-01
  168.418   509.000   0.253774E-01
  168.918   509.000   0.240585E-01
  169.418   509.000   0.223963E-01
  169.917   509.000   0.203199E-01
  170.417   509.000   0.177821E-01
  170.917   509.000   0.147690E-01
  171.417   509.000   0.113001E-01
  171.916   509.000   0.742829E-02
  172.416   509.000   0.323109E-02
  172.916   509.000  -0.119922E-02
  173.416   509.000  -0.576729E-02
  173.915   509.000  -0.103874E-01
  174.415   509.000  -0.149906E-01
  174.915   509.000  -0.195321E-01
  175.415   509.000  -0.239892E-01
  175.915   509.000  -0.283591E-01
  176.414   509.000  -0.326499E-01
  176.914   509.000  -0.368713E-01
  177.414   509.000  -0.410255E-01
  177.914   509.000  -0.450983E-01
  178.413   509.000  -0.490560E-01
  178.913   509.000  -0.528440E-01
  179.413   509.000  -0.563910E-01
  179.913   509.000  -0.596164E-01
  180.412   509.000  -0.624383E-01
  180.912   509.000  -0.647842E-01
  181.412   509.000  -0.665974E-01
  181.912   509.000  -0.678440E-01
  182.411   509.000  -0.685138E-01
  182.911   509.000  -0.686199E-01
  183.411   509.000  -0.681946E-01
  183.911   509.000  -0.672838E-01
  184.410   509.000  -0.659413E-01
  184.910   509.000  -0.642228E-01
  185.410   509.000  -0.621830E-01
  185.910   509.000  -0.598734E-01
  186.409   509.000  -0.573426E-01
  186.909   509.000  -0.546376E-01
  187.409   509.000  -0.518052E-01
  187.909   509.000  -0.488942E-01
  188.408   509.000  -0.459541E-01
  188.908   509.000  -0.430349E-01
  189.408   509.000  -0.401831E-01
  189.908   509.000  -0.374380E-01
  190.407   509.000  -0.348278E-01
  190.907   509.000  -0.323655E-01
  191.407   509.000  -0.300485E-01
  191.907   509.000  -0.278578E-01
  192.406   509.000  -0.257630E-01
  192.906   509.000  -0.237265E-01
  193.406   509.000  -0.217103E-01
  193.906   509.000  -0.196839E-01
  194.405   509.000  -0.176289E-01
  194.905   509.000  -0.155451E-01
  195.405   509.000  -0.134503E-01
  195.905   509.000  -0.113806E-01
  196.404   509.000  -0.938572E-02
  196.904   509.000  -0.752428E-02
  197.404   509.000  -0.585737E-02
  197.904   509.000  -0.444186E-02
  198.404   509.000  -0.332618E-02
  198.903   509.000  -0.254606E-02
  199.403   509.000  -0.212345E-02
  199.903   509.000  -0.206592E-02
  200.403   509.000  -0.236781E-02
  200.902   509.000  -0.301226E-02
  201.402   509.000  -0.397209E-02
  201.902   509.000  -0.521133E-02
  202.402   509.000  -0.668543E-02
  202.901   509.000  -0.834179E-02
  203.401   509.000  -0.101203E-01
  203.901   509.000  -0.119537E-01
  204.401   509.000  -0.137711E-01
  204.900   509.000  -0.155006E-01
  205.400   509.000  -0.170756E-01
  205.900   509.000  -0.184401E-01
  206.400   509.000  -0.195553E-01
  206.899   509.000  -0.204054E-01
  207.399   509.000  -0.209997E-01
  207.899   509.000  -0.213743E-01
  208.399   509.000  -0.215877E-01
  208.898   509.000  -0.217160E-01
  209.398   509.000  -0.218430E-01
  209.898   509.000  -0.220500E-01
  210.398   509.000  -0.224063E-01
  210.897   509.000  -0.229589E-01
  211.397   509.000  -0.237286E-01
  211.897   509.000  -0.247059E-01
  212.397   509.000  -0.258548E-01
  212.896   509.000  -0.271171E-01
  213.396   509.000  -0.284222E-01
  213.896   509.000  -0.296970E-01
  214.396   509.000  -0.308753E-01
  214.895   509.000  -0.319071E-01
  215.395   509.000  -0.327635E-01
  215.895   509.000  -0.334396E-01
  216.395   509.000  -0.339527E-01
  216.894   509.000  -0.343383E-01
  217.394   509.000  -0.346434E-01
  217.894   509.000  -0.349191E-01
  218.394   509.000  -0.352141E-01
  218.894   509.000  -0.355679E-01
  219.393   509.000  -0.360084E-01
  219.893   509.000  -0.365494E-01
  220.393   509.000  -0.371919E-01
  220.893   509.000  -0.379264E-01
  221.392   509.000  -0.387359E-01
  221.892   509.000  -0.395998E-01
  222.392   509.000  -0.404963E-01
  222.892   509.000  -0.414053E-01
  223.391   509.000  -0.423087E-01
  223.891   509.000  -0.431907E-01
  224.391   509.000  -0.440373E-01
  224.891   509.000  -0.448354E-01
  225.390   509.000  -0.455719E-01
  225.890   509.000  -0.462334E-01
  226.390   509.000  -0.468059E-01
  226.890   509.000  -0.472757E-01
  227.389   509.000  -0.476300E-01
  227.889   509.000  -0.478579E-01
  228.389   509.000  -0.479508E-01
  228.889   509.000  -0.479028E-01
  229.388   509.000  -0.477105E-01
  229.888   509.000  -0.473723E-01
  230.388   509.000  -0.468881E-01
  230.888   509.000  -0.462574E-01
  231.387   509.000  -0.454793E-01
  231.887   509.000  -0.445515E-01
  232.387   509.000  -0.434702E-01
  232.887   509.000  -0.422303E-01
  233.386   509.000  -0.408254E-01
  233.886   509.000  -0.392485E-01
  234.386   509.000  -0.374923E-01
  234.886   509.000  -0.355500E-01
  235.385   509.000  -0.334160E-01
  235.885   509.000  -0.310869E-01
  236.385   509.000  -0.285631E-01
  236.885   509.000  -0.258501E-01
  237.384   509.000  -0.229616E-01
  237.884   509.000  -0.199217E-01
  238.384   509.000  -0.167672E-01
  238.884   509.000  -0.135498E-01
  239.383   509.000  -0.103363E-01
  239.883   509.000  -0.720847E-02
  240.383   509.000  -0.425885E-02
  240.883   509.000  -0.158697E-02
  241.383   509.000   0.708106E-03
  241.882   509.000   0.253541E-02
  242.382   509.000   0.382002E-02
  242.882   509.000   0.451090E-02
  243.382   509.000   0.458556E-02
  243.881   509.000   0.405396E-02
  244.381   509.000   0.295720E-02
  244.881   509.000   0.136484E-02
  245.381   509.000  -0.631835E-03
  245.880   509.000  -0.292794E-02
  246.380   509.000  -0.541373E-02
  246.880   509.000  -0.798399E-02
  247.380   509.000  -0.105444E-01
  247.879   509.000  -0.130175E-01
  248.379   509.000  -0.153443E-01
  248.879   509.000  -0.174842E-01
  249.379   509.000  -0.194132E-01
  249.878   509.000  -0.211195E-01
  250.378   509.000  -0.226001E-01
  250.878   509.000  -0.238569E-01
  251.378   509.000  -0.248947E-01
  251.877   509.000  -0.257199E-01
  252.377   509.000  -0.263410E-01
  252.877   509.000  -0.267701E-01
  253.377   509.000  -0.270242E-01
  253.876   509.000  -0.271264E-01
  254.376   509.000  -0.271061E-01
  254.876   509.000  -0.269976E-01
  255.376   509.000  -0.268374E-01
  255.875   509.000  -0.266607E-01
  256.375   509.000  -0.264973E-01
  256.875   509.000  -0.263680E-01
  257.375   509.000  -0.262828E-01
  257.874   509.000  -0.262393E-01
  258.374   509.000  -0.262257E-01
  258.874   509.000  -0.262229E-01
  259.374   509.000  -0.262098E-01
  259.873   509.000  -0.261684E-01
  260.373   509.000  -0.260876E-01
  260.873   509.000  -0.259672E-01
  261.373   509.000  -0.258174E-01
  261.872   509.000  -0.256579E-01
  262.372   509.000  -0.255131E-01
  262.872   509.000  -0.254067E-01
  263.372   509.000  -0.253556E-01
  263.872   509.000  -0.253626E-01
  264.371   509.000  -0.254136E-01
  264.871   509.000  -0.254744E-01
  265.371   509.000  -0.254934E-01
  265.871   509.000  -0.254046E-01
  266.370   509.000  -0.251358E-01
  266.870   509.000  -0.246165E-01
  267.370   509.000  -0.237878E-01
  267.870   509.000  -0.226111E-01
  268.369   509.000  -0.210740E-01
  268.869   509.000  -0.191953E-01
  269.369   509.000  -0.170250E-01
  269.869   509.000  -0.146410E-01
  270.368   509.000  -0.121435E-01
  270.868   509.000  -0.964574E-02
  271.368   509.000  -0.726411E-02
  271.868   509.000  -0.510665E-02
  272.367   509.000  -0.326298E-02
  272.867   509.000  -0.179467E-02
  273.367   509.000  -0.728720E-03
  273.867   509.000  -0.528423E-04
  274.366   509.000   0.285042E-03
  274.866   509.000   0.374969E-03
  275.366   509.000   0.338805E-03
  275.866   509.000   0.322026E-03
  276.365   509.000   0.482131E-03
  276.865   509.000   0.975934E-03
  277.365   509.000   0.194568E-02
  277.865   509.000   0.350536E-02
  278.364   509.000   0.572927E-02
  278.864   509.000   0.864214E-02
  279.364   509.000   0.122148E-01
  279.864   509.000   0.163627E-01
  280.363   509.000   0.209511E-01
  280.863   509.000   0.258038E-01
  281.363   509.000   0.307170E-01
  281.863   509.000   0.354757E-01
  282.362   509.000   0.398708E-01
  282.862   509.000   0.437170E-01
  283.362   509.000   0.468666E-01
  283.862   509.000   0.492216E-01
  284.362   509.000   0.507382E-01
  284.861   509.000   0.514289E-01
  285.361   509.000   0.513568E-01
  285.861   509.000   0.506276E-01
  286.361   509.000   0.493782E-01
  286.860   509.000   0.477624E-01
  287.360   509.000   0.459394E-01
  287.860   509.000   0.440615E-01
  288.360   509.000   0.422654E-01
  288.859   509.000   0.406659E-01
  289.359   509.000   0.393522E-01
  289.859   509.000   0.383873E-01
  290.359   509.000   0.378073E-01
  290.858   509.000   0.376235E-01
  291.358   509.000   0.378223E-01
  291.858   509.000   0.383667E-01
  292.358   509.000   0.391966E-01
  292.857   509.000   0.402295E-01
  293.357   509.000   0.413625E-01
  293.857   509.000   0.424744E-01
  294.357   509.000   0.434319E-01
  294.856   509.000   0.440959E-01
  295.356   509.000   0.443322E-01
  295.856   509.000   0.440221E-01
  296.356   509.000   0.430738E-01
  296.855   509.000   0.414336E-01
  297.355   509.000   0.390931E-01
  297.855   509.000   0.360944E-01
  298.355   509.000   0.325284E-01
  298.854   509.000   0.285298E-01
  299.354   509.000   0.242661E-01
  299.854   509.000   0.199233E-01
  300.354   509.000   0.156892E-01
  300.853   509.000   0.117353E-01
  301.353   509.000   0.820282E-02
  301.853   509.000   0.518846E-02
  302.353   509.000   0.273852E-02
  302.852   509.000   0.845553E-03
  303.352   509.000  -0.547490E-03
  303.852   509.000  -0.153946E-02
  304.352   509.000  -0.225922E-02
  304.852   509.000  -0.285138E-02
  305.351   509.000  -0.346281E-02
  305.851   509.000  -0.422871E-02
  306.351   509.000  -0.526304E-02
  306.851   509.000  -0.665048E-02
  307.350   509.000  -0.844326E-02
  307.850   509.000  -0.106604E-01
  308.350   509.000  -0.132902E-01
  308.850   509.000  -0.162941E-01
  309.349   509.000  -0.196118E-01
  309.849   509.000  -0.231665E-01
  310.349   509.000  -0.268689E-01
  310.849   509.000  -0.306217E-01
  311.348   509.000  -0.343217E-01
  311.848   509.000  -0.378627E-01
  312.348   509.000  -0.411377E-01
  312.848   509.000  -0.440412E-01
  313.347   509.000  -0.464731E-01
  313.847   509.000  -0.483424E-01
  314.347   509.000  -0.495727E-01
  314.847   509.000  -0.501073E-01
  315.346   509.000  -0.499150E-01
  315.846   509.000  -0.489942E-01
  316.346   509.000  -0.473754E-01
  316.846   509.000  -0.451223E-01
  317.345   509.000  -0.423285E-01
  317.845   509.000  -0.391128E-01
  318.345   509.000  -0.356112E-01
  318.845   509.000  -0.319670E-01
  319.344   509.000  -0.283205E-01
  319.844   509.000  -0.247979E-01
  320.344   509.000  -0.215029E-01
  320.844   509.000  -0.185094E-01
  321.343   509.000  -0.158589E-01
  321.843   509.000  -0.135590E-01
  322.343   509.000  -0.115893E-01
  322.843   509.000  -0.990659E-02
  323.342   509.000  -0.845404E-02
  323.842   509.000  -0.717162E-02
  324.342   509.000  -0.600500E-02
  324.842   509.000  -0.491458E-02
  325.341   509.000  -0.388053E-02
  325.841   509.000  -0.290618E-02
  326.341   509.000  -0.201705E-02
  326.841   509.000  -0.125754E-02
  327.340   509.000  -0.684945E-03
  327.840   509.000  -0.361687E-03
  328.340   509.000  -0.347554E-03
  328.840   509.000  -0.691596E-03
  329.340   509.000  -0.142633E-02
  329.839   509.000  -0.256293E-02
  330.339   509.000  -0.408955E-02
  330.839   509.000  -0.597135E-02
  331.339   509.000  -0.815289E-02
  331.838   509.000  -0.105620E-01
  332.338   509.000  -0.131145E-01
  332.838   509.000  -0.157196E-01
  333.338   509.000  -0.182850E-01
  333.837   509.000  -0.207215E-01
  334.337   509.000  -0.229471E-01
  334.837   509.000  -0.248903E-01
  335.337   509.000  -0.264926E-01
  335.836   509.000  -0.277103E-01
  336.336   509.000  -0.285155E-01
  336.836   509.000  -0.288969E-01
  337.336   509.000  -0.288597E-01
  337.835   509.000  -0.284248E-01
  338.335   509.000  -0.276275E-01
  338.835   509.000  -0.265154E-01
  339.335   509.000  -0.251454E-01
  339.834   509.000  -0.235808E-01
  340.334   509.000  -0.218875E-01
  340.834   509.000  -0.201307E-01
  341.334   509.000  -0.183721E-01
  341.833   509.000  -0.166675E-01
  342.333   509.000  -0.150656E-01
  342.833   509.000  -0.136073E-01
  343.333   509.000  -0.123265E-01
  343.832   509.000  -0.112510E-01
  344.332   509.000  -0.104034E-01
  344.832   509.000  -0.980202E-02
  345.332   509.000  -0.946083E-02
  345.831   509.000  -0.938922E-02
  346.331   509.000  -0.959021E-02
  346.831   509.000  -0.100584E-01
  347.331   509.000  -0.107780E-01
  347.830   509.000  -0.117203E-01
  348.330   509.000  -0.128435E-01
  348.830   509.000  -0.140922E-01
  349.330   509.000  -0.154004E-01
  349.829   509.000  -0.166944E-01
  350.329   509.000  -0.178990E-01
  350.829   509.000  -0.189428E-01
  351.329   509.000  -0.197650E-01
  351.829   509.000  -0.203214E-01
  352.328   509.000  -0.205877E-01
  352.828   509.000  -0.205628E-01
  353.328   509.000  -0.202677E-01
  353.828   509.000  -0.197433E-01
  354.327   509.000  -0.190454E-01
  354.827   509.000  -0.182380E-01
  355.327   509.000  -0.173864E-01
  355.827   509.000  -0.165493E-01
  356.326   509.000  -0.157728E-01
  356.826   509.000  -0.150848E-01
  357.326   509.000  -0.144926E-01
  357.826   509.000  -0.139811E-01
  358.325   509.000  -0.135141E-01
  358.825   509.000  -0.130375E-01
  359.325   509.000  -0.124835E-01
  359.825   509.000  -0.117763E-01
  360.324   509.000  -0.108378E-01
  360.824   509.000  -0.959494E-02
  361.324   509.000  -0.798508E-02
  361.824   509.000  -0.596242E-02
  362.323   509.000  -0.350287E-02
  362.823   509.000  -0.608084E-03
  363.323   509.000   0.269208E-02
  363.823   509.000   0.633850E-02
  364.322   509.000   0.102442E-01
  364.822   509.000   0.142972E-01
  365.322   509.000   0.183666E-01
  365.822   509.000   0.223093E-01
  366.321   509.000   0.259798E-01
  366.821   509.000   0.292395E-01
  367.321   509.000   0.319673E-01
  367.821   509.000   0.340687E-01
  368.320   509.000   0.354831E-01
  368.820   509.000   0.361891E-01
  369.320   509.000   0.362063E-01
  369.820   509.000   0.355932E-01
  370.319   509.000   0.344427E-01
  370.819   509.000   0.328740E-01
  371.319   509.000   0.310228E-01
  371.819   509.000   0.290300E-01
  372.319   509.000   0.270305E-01
  372.818   509.000   0.251432E-01
  373.318   509.000   0.234628E-01
  373.818   509.000   0.220535E-01
  374.318   509.000   0.209465E-01
  374.817   509.000   0.201395E-01
  375.317   509.000   0.195998E-01
  375.817   509.000   0.192687E-01
  376.317   509.000   0.190682E-01
  376.816   509.000   0.189091E-01
  377.316   509.000   0.186983E-01
  377.816   509.000   0.183480E-01
  378.316   509.000   0.177825E-01
  378.815   509.000   0.169451E-01
  379.315   509.000   0.158039E-01
  379.815   509.000   0.143556E-01
  380.315   509.000   0.126273E-01
  380.814   509.000   0.106778E-01
  381.314   509.000   0.859521E-02
  381.814   509.000   0.649377E-02
  382.314   509.000   0.450830E-02
  382.813   509.000   0.278691E-02
  383.313   509.000   0.148244E-02
  383.813   509.000   0.742918E-03
  384.313   509.000   0.701661E-03
  384.812   509.000   0.146744E-02
  385.312   509.000   0.311582E-02
  385.812   509.000   0.568175E-02
  386.312   509.000   0.915456E-02
  386.811   509.000   0.134750E-01
  387.311   509.000   0.185359E-01
  387.811   509.000   0.241847E-01
  388.311   509.000   0.302305E-01
  388.810   509.000   0.364525E-01
  389.310   509.000   0.426115E-01
  389.810   509.000   0.484630E-01
  390.310   509.000   0.537713E-01
  390.809   509.000   0.583240E-01
  391.309   509.000   0.619445E-01
  391.809   509.000   0.645042E-01
  392.309   509.000   0.659301E-01
  392.809   509.000   0.662095E-01
  393.308   509.000   0.653903E-01
  393.808   509.000   0.635767E-01
  394.308   509.000   0.609201E-01
  394.808   509.000   0.576072E-01
  395.307   509.000   0.538448E-01
  395.807   509.000   0.498431E-01
  396.307   509.000   0.458007E-01
  396.807   509.000   0.418889E-01
  397.306   509.000   0.382420E-01
  397.806   509.000   0.349495E-01
  398.306   509.000   0.320540E-01
  398.806   509.000   0.295536E-01
  399.305   509.000   0.274084E-01
  399.805   509.000   0.255500E-01
  400.305   509.000   0.238927E-01
  400.805   509.000   0.223460E-01
  401.304   509.000   0.208241E-01
  401.804   509.000   0.192563E-01
  402.304   509.000   0.175916E-01
  402.804   509.000   0.158025E-01
  403.303   509.000   0.138842E-01
  403.803   509.000   0.118521E-01
  404.303   509.000   0.973726E-02
  404.803   509.000   0.757996E-02
  405.302   509.000   0.542402E-02
  405.802   509.000   0.331051E-02
  406.302   509.000   0.127287E-02
  406.802   509.000  -0.667046E-03
  407.301   509.000  -0.250124E-02
  407.801   509.000  -0.423650E-02
  408.301   509.000  -0.589349E-02
  408.801   509.000  -0.750446E-02
  409.300   509.000  -0.910919E-02
  409.800   509.000  -0.107500E-01
  410.300   509.000  -0.124653E-01
  410.800   509.000  -0.142831E-01
  411.299   509.000  -0.162142E-01
  411.799   509.000  -0.182469E-01
  412.299   509.000  -0.203435E-01
  412.799   509.000  -0.224389E-01
  413.298   509.000  -0.244438E-01
  413.798   509.000  -0.262504E-01
  414.298   509.000  -0.277423E-01
  414.798   509.000  -0.288061E-01
  415.298   509.000  -0.293451E-01
  415.797   509.000  -0.292921E-01
  416.297   509.000  -0.286190E-01
  416.797   509.000  -0.273444E-01
  417.297   509.000  -0.255327E-01
  417.796   509.000  -0.232902E-01
  418.296   509.000  -0.207533E-01
  418.796   509.000  -0.180729E-01
  419.296   509.000  -0.153968E-01
  419.795   509.000  -0.128506E-01
  420.295   509.000  -0.105231E-01
  420.795   509.000  -0.845441E-02
  421.295   509.000  -0.663349E-02
  421.794   509.000  -0.500063E-02
  422.294   509.000  -0.345866E-02
  422.794   509.000  -0.188947E-02
  423.294   509.000  -0.172783E-03
  423.793   509.000   0.179287E-02
  424.293   509.000   0.407438E-02
  424.793   509.000   0.669097E-02
  425.293   509.000   0.961047E-02
  425.792   509.000   0.127516E-01
  426.292   509.000   0.159943E-01
  426.792   509.000   0.191952E-01
  427.292   509.000   0.222059E-01
  427.791   509.000   0.248922E-01
  428.291   509.000   0.271492E-01
  428.791   509.000   0.289134E-01
  429.291   509.000   0.301669E-01
  429.790   509.000   0.309358E-01
  430.290   509.000   0.312825E-01
  430.790   509.000   0.312935E-01
  431.290   509.000   0.310660E-01
  431.789   509.000   0.306924E-01
  432.289   509.000   0.302495E-01
  432.789   509.000   0.297898E-01
  433.289   509.000   0.293378E-01
  433.788   509.000   0.288909E-01
  434.288   509.000   0.284237E-01
  434.788   509.000   0.278957E-01
  435.288   509.000   0.272589E-01
  435.788   509.000   0.264666E-01
  436.287   509.000   0.254794E-01
  436.787   509.000   0.242707E-01
  437.287   509.000   0.228283E-01
  437.787   509.000   0.211558E-01
  438.286   509.000   0.192711E-01
  438.786   509.000   0.172046E-01
  439.286   509.000   0.149970E-01
  439.786   509.000   0.126973E-01
  440.285   509.000   0.103604E-01
  440.785   509.000   0.804504E-02
  441.285   509.000   0.581146E-02
  441.785   509.000   0.371854E-02
  442.284   509.000   0.182041E-02
  442.784   509.000   0.162597E-03
  443.284   509.000  -0.122166E-02
  443.784   509.000  -0.231519E-02
  444.283   509.000  -0.311874E-02
  444.783   509.000  -0.365193E-02
  445.283   509.000  -0.395142E-02
  445.783   509.000  -0.406741E-02
  446.282   509.000  -0.405830E-02
  446.782   509.000  -0.398374E-02
  447.282   509.000  -0.389846E-02
  447.782   509.000  -0.384592E-02
  448.281   509.000  -0.385487E-02
  448.781   509.000  -0.393733E-02
  449.281   509.000  -0.408995E-02
  449.781   509.000  -0.429748E-02
  450.280   509.000  -0.453760E-02
  450.780   509.000  -0.478715E-02
  451.280   509.000  -0.502681E-02
  451.780   509.000  -0.524548E-02
  452.279   509.000  -0.544152E-02
  452.779   509.000  -0.562214E-02
  453.279   509.000  -0.580060E-02
  453.779   509.000  -0.599142E-02
  454.278   509.000  -0.620596E-02
  454.778   509.000  -0.644749E-02
  455.278   509.000  -0.670878E-02
  455.778   509.000  -0.697102E-02
  456.277   509.000  -0.720549E-02
  456.777   509.000  -0.737728E-02
  457.277   509.000  -0.745004E-02
  457.777   509.000  -0.739186E-02
  458.276   509.000  -0.717976E-02
  458.776   509.000  -0.680359E-02
  459.276   509.000  -0.626724E-02
  459.776   509.000  -0.558806E-02
  460.276   509.000  -0.479441E-02
  460.775   509.000  -0.392135E-02
  461.275   509.000  -0.300657E-02
  461.775   509.000  -0.208575E-02
  462.275   509.000  -0.118968E-02
  462.774   509.000  -0.342313E-03
  463.274   509.000   0.439541E-03
  463.774   509.000   0.114500E-02
  464.274   509.000   0.176763E-02
  464.773   509.000   0.230311E-02
  465.273   509.000   0.274796E-02
  465.773   509.000   0.309862E-02
  466.273   509.000   0.335170E-02
  466.772   509.000   0.350524E-02
  467.272   509.000   0.356004E-02
  467.772   509.000   0.352158E-02
  468.272   509.000   0.340084E-02
  468.771   509.000   0.321473E-02
  469.271   509.000   0.298517E-02
  469.771   509.000   0.273725E-02
  470.271   509.000   0.249706E-02
  470.770   509.000   0.228892E-02
  471.270   509.000   0.213363E-02
  471.770   509.000   0.204714E-02
  472.270   509.000   0.204058E-02
  472.769   509.000   0.212132E-02
  473.269   509.000   0.229446E-02
  473.769   509.000   0.256495E-02
  474.269   509.000   0.293841E-02
  474.768   509.000   0.342154E-02
  475.268   509.000   0.402034E-02
  475.768   509.000   0.473709E-02
  476.268   509.000   0.556602E-02
  476.767   509.000   0.648803E-02
  477.267   509.000   0.746652E-02
  477.767   509.000   0.844365E-02
  478.267   509.000   0.933990E-02
  478.766   509.000   0.100559E-01
  479.266   509.000   0.104781E-01
  479.766   509.000   0.104866E-01
  480.266   509.000   0.996610E-02
  480.766   509.000   0.881716E-02
  481.265   509.000   0.696734E-02
  481.765   509.000   0.438096E-02
  482.265   509.000   0.106540E-02
  482.765   509.000  -0.292578E-02
  483.264   509.000  -0.749415E-02
  483.764   509.000  -0.125016E-01
  484.264   509.000  -0.177788E-01
  484.764   509.000  -0.231363E-01
  485.263   509.000  -0.283766E-01
  485.763   509.000  -0.333066E-01
  486.263   509.000  -0.377489E-01
  486.763   509.000  -0.415509E-01
  487.262   509.000  -0.445919E-01
  487.762   509.000  -0.467864E-01
  488.262   509.000  -0.480857E-01
  488.762   509.000  -0.484763E-01
  489.261   509.000  -0.479767E-01
  489.761   509.000  -0.466323E-01
  490.261   509.000  -0.445112E-01
  490.761   509.000  -0.416991E-01
  491.260   509.000  -0.382954E-01
  491.760   509.000  -0.344111E-01
  492.260   509.000  -0.301677E-01
  492.760   509.000  -0.256973E-01
  493.259   509.000  -0.211435E-01
  493.759   509.000  -0.166621E-01
  494.259   509.000  -0.124191E-01
  494.759   509.000  -0.858713E-02
  495.258   509.000  -0.533644E-02
  495.758   509.000  -0.282192E-02
  496.258   509.000  -0.116440E-02
  496.758   509.000  -0.427979E-03
  497.257   509.000  -0.595465E-03
  497.757   509.000  -0.154292E-02
  498.257   509.000  -0.302024E-02
  498.757   509.000  -0.463680E-02
  499.256   509.000  -0.586161E-02
  499.756   509.000  -0.603527E-02
  500.256   509.000  -0.439998E-02
  500.756   509.000  -0.144643E-03
  501.255   509.000   0.753680E-02
  501.755   509.000   0.193757E-01
  502.255   509.000   0.359588E-01
  502.755   509.000   0.576582E-01
  503.255   509.000   0.845768E-01
  503.754   509.000   0.116509
  504.254   509.000   0.152925
  504.754   509.000   0.192989
  505.254   509.000   0.235594
  505.753   509.000   0.279428
  506.253   509.000   0.323066
  506.753   509.000   0.365059
  507.253   509.000   0.404045
  507.752   509.000   0.438839
  508.252   509.000   0.468518
  508.752   509.000   0.492482
  509.252   509.000   0.510491
  509.751   509.000   0.522665
  510.251   509.000   0.529468
  510.751   509.000   0.531656
  511.251   509.000   0.530210
  511.750   509.000   0.526250
  512.250   509.000   0.520942
  512.750   509.000   0.515406
  513.250   509.000   0.510625
  513.749   509.000   0.507369
  514.249   509.000   0.506135
  514.749   509.000   0.507104
  515.249   509.000   0.510127
  515.748   509.000   0.514733
  516.248   509.000   0.520158
  516.748   509.000   0.525406
  517.248   509.000   0.529322
  517.747   509.000   0.530687
  518.247   509.000   0.528312
  518.747   509.000   0.521150
  519.247   509.000   0.508383
  519.746   509.000   0.489508
  520.246   509.000   0.464391
  520.746   509.000   0.433295
  521.246   509.000   0.396879
  521.745   509.000   0.356156
  522.245   509.000   0.312427
  522.745   509.000   0.267187
  523.245   509.000   0.222014
  523.745   509.000   0.178452
  524.244   509.000   0.137904
  524.744   509.000   0.101528
  525.244   509.000   0.701741E-01
  525.744   509.000   0.443354E-01
  526.243   509.000   0.241420E-01
  526.743   509.000   0.938336E-02
  527.243   509.000  -0.444217E-03
  527.743   509.000  -0.606478E-02
  528.242   509.000  -0.834396E-02
  528.742   509.000  -0.820273E-02
  529.242   509.000  -0.654098E-02
  529.742   509.000  -0.417222E-02
  530.241   509.000  -0.177625E-02
  530.741   509.000   0.126797E-03
  531.241   509.000   0.118575E-02
  531.741   509.000   0.120737E-02
  532.240   509.000   0.136571E-03
  532.740   509.000  -0.197440E-02
  533.240   509.000  -0.499688E-02
  533.740   509.000  -0.875645E-02
  534.239   509.000  -0.130586E-01
  534.739   509.000  -0.177068E-01
  535.239   509.000  -0.225157E-01
  535.739   509.000  -0.273152E-01
  536.238   509.000  -0.319520E-01
  536.738   509.000  -0.362876E-01
  537.238   509.000  -0.401949E-01
  537.738   509.000  -0.435562E-01
  538.237   509.000  -0.462625E-01
  538.737   509.000  -0.482155E-01
  539.237   509.000  -0.493315E-01
  539.737   509.000  -0.495466E-01
  540.236   509.000  -0.488234E-01
  540.736   509.000  -0.471561E-01
  541.236   509.000  -0.445754E-01
  541.736   509.000  -0.411501E-01
  542.235   509.000  -0.369872E-01
  542.735   509.000  -0.322281E-01
  543.235   509.000  -0.270420E-01
  543.735   509.000  -0.216177E-01
  544.234   509.000  -0.161528E-01
  544.734   509.000  -0.108419E-01
  545.234   509.000  -0.586558E-02
  545.734   509.000  -0.137943E-02
  546.234   509.000   0.249454E-02
  546.733   509.000   0.567402E-02
  547.233   509.000   0.811933E-02
  547.733   509.000   0.983288E-02
  548.233   509.000   0.108557E-01
  548.732   509.000   0.112605E-01
  549.232   509.000   0.111437E-01
  549.732   509.000   0.106154E-01
  550.232   509.000   0.978989E-02
  550.731   509.000   0.877709E-02
  551.231   509.000   0.767549E-02
  551.731   509.000   0.656770E-02
  552.231   509.000   0.551798E-02
  552.730   509.000   0.457251E-02
  553.230   509.000   0.376073E-02
  553.730   509.000   0.309832E-02
  554.230   509.000   0.259014E-02
  554.729   509.000   0.223310E-02
  555.229   509.000   0.201837E-02
  555.729   509.000   0.193263E-02
  556.229   509.000   0.195900E-02
  556.728   509.000   0.207712E-02
  557.228   509.000   0.226364E-02
  557.728   509.000   0.249281E-02
  558.228   509.000   0.273768E-02
  558.727   509.000   0.297207E-02
  559.227   509.000   0.317241E-02
  559.727   509.000   0.332016E-02
  560.227   509.000   0.340310E-02
  560.726   509.000   0.341601E-02
  561.226   509.000   0.336007E-02
  561.726   509.000   0.324080E-02
  562.226   509.000   0.306544E-02
  562.725   509.000   0.283946E-02
  563.225   509.000   0.256391E-02
  563.725   509.000   0.223335E-02
  564.225   509.000   0.183571E-02
  564.724   509.000   0.135409E-02
  565.224   509.000   0.769932E-03
  565.724   509.000   0.681701E-04
  566.224   509.000  -0.758014E-03
  566.724   509.000  -0.170225E-02
  567.223   509.000  -0.274228E-02
  567.723   509.000  -0.383942E-02
  568.223   509.000  -0.494068E-02
  568.723   509.000  -0.598417E-02
  569.222   509.000  -0.690569E-02
  569.722   509.000  -0.764744E-02
  570.222   509.000  -0.816532E-02
  570.722   509.000  -0.843553E-02
  571.221   509.000  -0.845805E-02
  571.721   509.000  -0.825665E-02
  572.221   509.000  -0.787616E-02
  572.721   509.000  -0.737575E-02
  573.220   509.000  -0.682153E-02
  573.720   509.000  -0.627737E-02
  574.220   509.000  -0.579737E-02
  574.720   509.000  -0.541990E-02
  575.219   509.000  -0.516435E-02
  575.719   509.000  -0.503147E-02
  576.219   509.000  -0.500568E-02
  576.719   509.000  -0.506045E-02
  577.218   509.000  -0.516369E-02
  577.718   509.000  -0.528367E-02
  578.218   509.000  -0.539347E-02
  578.718   509.000  -0.547331E-02
  579.217   509.000  -0.551129E-02
  579.717   509.000  -0.550141E-02
  580.217   509.000  -0.544107E-02
  580.717   509.000  -0.532723E-02
  581.216   509.000  -0.515342E-02
  581.716   509.000  -0.490777E-02
  582.216   509.000  -0.457228E-02
  582.716   509.000  -0.412421E-02
  583.215   509.000  -0.353822E-02
  583.715   509.000  -0.279000E-02
  584.215   509.000  -0.185949E-02
  584.715   509.000  -0.733900E-03
  585.214   509.000   0.590208E-03
  585.714   509.000   0.210639E-02
  586.214   509.000   0.379838E-02
  586.714   509.000   0.564165E-02
  587.214   509.000   0.760488E-02
  587.713   509.000   0.965185E-02
  588.213   509.000   0.117430E-01
  588.713   509.000   0.138364E-01
  589.213   509.000   0.158890E-01
  589.712   509.000   0.178578E-01
  590.212   509.000   0.197008E-01
  590.712   509.000   0.213800E-01
  591.212   509.000   0.228637E-01
  591.711   509.000   0.241304E-01
  592.211   509.000   0.251721E-01
  592.711   509.000   0.259968E-01
  593.211   509.000   0.266296E-01
  593.710   509.000   0.271112E-01
  594.210   509.000   0.274936E-01
  594.710   509.000   0.278327E-01
  595.210   509.000   0.281799E-01
  595.709   509.000   0.285711E-01
  596.209   509.000   0.290188E-01
  596.709   509.000   0.295043E-01
  597.209   509.000   0.299760E-01
  597.708   509.000   0.303515E-01
  598.208   509.000   0.305255E-01
  598.708   509.000   0.303830E-01
  599.208   509.000   0.298142E-01
  599.707   509.000   0.287318E-01
  600.207   509.000   0.270860E-01
  600.707   509.000   0.248748E-01
  601.207   509.000   0.221494E-01
  601.706   509.000   0.190104E-01
  602.206   509.000   0.155990E-01
  602.706   509.000   0.120792E-01
  603.206   509.000   0.861914E-02
  603.705   509.000   0.536881E-02
  604.205   509.000   0.244184E-02
  604.705   509.000  -0.983962E-04
  605.205   509.000  -0.224576E-02
  605.704   509.000  -0.404852E-02
  606.204   509.000  -0.560084E-02
  606.704   509.000  -0.702486E-02
  607.204   509.000  -0.845159E-02
  607.703   509.000  -0.999850E-02
  608.203   509.000  -0.117509E-01
  608.703   509.000  -0.137482E-01
  609.203   509.000  -0.159760E-01
  609.703   509.000  -0.183683E-01
  610.202   509.000  -0.208146E-01
  610.702   509.000  -0.231756E-01
  611.202   509.000  -0.253002E-01
  611.702   509.000  -0.270450E-01
  612.201   509.000  -0.282922E-01
  612.701   509.000  -0.289619E-01
  613.201   509.000  -0.290209E-01
  613.701   509.000  -0.284832E-01
  614.200   509.000  -0.274071E-01
  614.700   509.000  -0.258844E-01
  615.200   509.000  -0.240295E-01
  615.700   509.000  -0.219645E-01
  616.199   509.000  -0.198071E-01
  616.699   509.000  -0.176589E-01
  617.199   509.000  -0.155969E-01
  617.699   509.000  -0.136701E-01
  618.198   509.000  -0.118974E-01
  618.698   509.000  -0.102705E-01
  619.198   509.000  -0.875804E-02
  619.698   509.000  -0.731253E-02
  620.197   509.000  -0.587703E-02
  620.697   509.000  -0.439265E-02
  621.197   509.000  -0.280553E-02
  621.697   509.000  -0.107274E-02
  622.196   509.000   0.832931E-03
  622.696   509.000   0.291982E-02
  623.196   509.000   0.517610E-02
  623.696   509.000   0.757059E-02
  624.195   509.000   0.100555E-01
  624.695   509.000   0.125716E-01
  625.195   509.000   0.150544E-01
  625.695   509.000   0.174428E-01
  626.194   509.000   0.196865E-01
  626.694   509.000   0.217544E-01
  627.194   509.000   0.236403E-01
  627.694   509.000   0.253663E-01
  628.193   509.000   0.269828E-01
  628.693   509.000   0.285647E-01
  629.193   509.000   0.302035E-01
  629.693   509.000   0.319969E-01
  630.193   509.000   0.340357E-01
  630.692   509.000   0.363902E-01
  631.192   509.000   0.390982E-01
  631.692   509.000   0.421548E-01
  632.192   509.000   0.455066E-01
  632.691   509.000   0.490513E-01
  633.191   509.000   0.526410E-01
  633.691   509.000   0.560930E-01
  634.191   509.000   0.592018E-01
  634.690   509.000   0.617566E-01
  635.190   509.000   0.635580E-01
  635.690   509.000   0.644354E-01
  636.190   509.000   0.642621E-01
  636.689   509.000   0.629660E-01
  637.189   509.000   0.605370E-01
  637.689   509.000   0.570289E-01
  638.189   509.000   0.525565E-01
  638.688   509.000   0.472882E-01
  639.188   509.000   0.414350E-01
  639.688   509.000   0.352362E-01
  640.188   509.000   0.289447E-01
  640.687   509.000   0.228111E-01
  641.187   509.000   0.170693E-01
  641.687   509.000   0.119209E-01
  642.187   509.000   0.752858E-02
  642.686   509.000   0.400609E-02
  643.186   509.000   0.141470E-02
  643.686   509.000  -0.236866E-03
  644.186   509.000  -0.989670E-03
  644.685   509.000  -0.928164E-03
  645.185   509.000  -0.171838E-03
  645.685   509.000   0.113534E-02
  646.185   509.000   0.283610E-02
  646.684   509.000   0.477139E-02
  647.184   509.000   0.679113E-02
  647.684   509.000   0.876344E-02
  648.184   509.000   0.105822E-01
  648.683   509.000   0.121716E-01
  649.183   509.000   0.134896E-01
  649.683   509.000   0.145269E-01
  650.183   509.000   0.153052E-01
  650.682   509.000   0.158730E-01
  651.182   509.000   0.162995E-01
  651.682   509.000   0.166673E-01
  652.182   509.000   0.170649E-01
  652.681   509.000   0.175781E-01
  653.181   509.000   0.182823E-01
  653.681   509.000   0.192349E-01
  654.181   509.000   0.204695E-01
  654.680   509.000   0.219909E-01
  655.180   509.000   0.237726E-01
  655.680   509.000   0.257567E-01
  656.180   509.000   0.278560E-01
  656.680   509.000   0.299595E-01
  657.179   509.000   0.319389E-01
  657.679   509.000   0.336584E-01
  658.179   509.000   0.349845E-01
  658.679   509.000   0.357970E-01
  659.178   509.000   0.359987E-01
  659.678   509.000   0.355239E-01
  660.178   509.000   0.343436E-01
  660.678   509.000   0.324688E-01
  661.177   509.000   0.299495E-01
  661.677   509.000   0.268708E-01
  662.177   509.000   0.233468E-01
  662.677   509.000   0.195112E-01
  663.176   509.000   0.155080E-01
  663.676   509.000   0.114813E-01
  664.176   509.000   0.756631E-02
  664.676   509.000   0.388124E-02
  665.175   509.000   0.521377E-03
  665.675   509.000  -0.244442E-02
  666.175   509.000  -0.497574E-02
  666.675   509.000  -0.706017E-02
  667.174   509.000  -0.871157E-02
  667.674   509.000  -0.996698E-02
  668.174   509.000  -0.108825E-01
  668.674   509.000  -0.115286E-01
  669.173   509.000  -0.119846E-01
  669.673   509.000  -0.123335E-01
  670.173   509.000  -0.126551E-01
  670.673   509.000  -0.130210E-01
  671.172   509.000  -0.134882E-01
  671.672   509.000  -0.140948E-01
  672.172   509.000  -0.148558E-01
  672.672   509.000  -0.157615E-01
  673.171   509.000  -0.167779E-01
  673.671   509.000  -0.178488E-01
  674.171   509.000  -0.189015E-01
  674.671   509.000  -0.198533E-01
  675.170   509.000  -0.206203E-01
  675.670   509.000  -0.211263E-01
  676.170   509.000  -0.213110E-01
  676.670   509.000  -0.211372E-01
  677.169   509.000  -0.205956E-01
  677.669   509.000  -0.197056E-01
  678.169   509.000  -0.185148E-01
  678.669   509.000  -0.170935E-01
  679.169   509.000  -0.155294E-01
  679.668   509.000  -0.139183E-01
  680.168   509.000  -0.123566E-01
  680.668   509.000  -0.109335E-01
  681.168   509.000  -0.972450E-02
  681.667   509.000  -0.878834E-02
  682.167   509.000  -0.816442E-02
  682.667   509.000  -0.787403E-02
  683.167   509.000  -0.792190E-02
  683.666   509.000  -0.829964E-02
  684.166   509.000  -0.898889E-02
  684.666   509.000  -0.996413E-02
  685.166   509.000  -0.111949E-01
  685.665   509.000  -0.126466E-01
  686.165   509.000  -0.142802E-01
  686.665   509.000  -0.160521E-01
  687.165   509.000  -0.179124E-01
  687.664   509.000  -0.198052E-01
  688.164   509.000  -0.216678E-01
  688.664   509.000  -0.234326E-01
  689.164   509.000  -0.250289E-01
  689.663   509.000  -0.263870E-01
  690.163   509.000  -0.274412E-01
  690.663   509.000  -0.281349E-01
  691.163   509.000  -0.284243E-01
  691.662   509.000  -0.282815E-01
  692.162   509.000  -0.276973E-01
  692.662   509.000  -0.266814E-01
  693.162   509.000  -0.252629E-01
  693.661   509.000  -0.234881E-01
  694.161   509.000  -0.214189E-01
  694.661   509.000  -0.191287E-01
  695.161   509.000  -0.166996E-01
  695.660   509.000  -0.142176E-01
  696.160   509.000  -0.117694E-01
  696.660   509.000  -0.943735E-02
  697.160   509.000  -0.729644E-02
  697.659   509.000  -0.541004E-02
  698.159   509.000  -0.382703E-02
  698.659   509.000  -0.257926E-02
  699.159   509.000  -0.168017E-02
  699.659   509.000  -0.112467E-02
  700.158   509.000  -0.890410E-03
  700.658   509.000  -0.940941E-03
  701.158   509.000  -0.122986E-02
  701.658   509.000  -0.170679E-02
  702.157   509.000  -0.232333E-02
  702.657   509.000  -0.303964E-02
  703.157   509.000  -0.382985E-02
  703.657   509.000  -0.468597E-02
  704.156   509.000  -0.561997E-02
  704.656   509.000  -0.666250E-02
  705.156   509.000  -0.786005E-02
  705.656   509.000  -0.926831E-02
  706.155   509.000  -0.109450E-01
  706.655   509.000  -0.129408E-01
  707.155   509.000  -0.152904E-01
  707.655   509.000  -0.180056E-01
  708.154   509.000  -0.210689E-01
  708.654   509.000  -0.244317E-01
  709.154   509.000  -0.280139E-01
  709.654   509.000  -0.317084E-01
  710.153   509.000  -0.353870E-01
  710.653   509.000  -0.389095E-01
  711.153   509.000  -0.421333E-01
  711.653   509.000  -0.449231E-01
  712.152   509.000  -0.471607E-01
  712.652   509.000  -0.487519E-01
  713.152   509.000  -0.496322E-01
  713.652   509.000  -0.497687E-01
  714.151   509.000  -0.491614E-01
  714.651   509.000  -0.478407E-01
  715.151   509.000  -0.458640E-01
  715.651   509.000  -0.433112E-01
  716.150   509.000  -0.402795E-01
  716.650   509.000  -0.368784E-01
  717.150   509.000  -0.332250E-01
  717.650   509.000  -0.294390E-01
  718.149   509.000  -0.256391E-01
  718.649   509.000  -0.219384E-01
  719.149   509.000  -0.184406E-01
  719.649   509.000  -0.152350E-01
  720.148   509.000  -0.123925E-01
  720.648   509.000  -0.996020E-02
  721.148   509.000  -0.795783E-02
  721.648   509.000  -0.637400E-02
  722.148   509.000  -0.516469E-02
  722.647   509.000  -0.425422E-02
  723.147   509.000  -0.353836E-02
  723.647   509.000  -0.289144E-02
  724.147   509.000  -0.217496E-02
  724.646   509.000  -0.124990E-02
  725.146   509.000   0.111581E-04
  725.646   509.000   0.171102E-02
  726.146   509.000   0.391680E-02
  726.645   509.000   0.665204E-02
  727.145   509.000   0.989188E-02
  727.645   509.000   0.135646E-01
  728.145   509.000   0.175559E-01
  728.644   509.000   0.217200E-01
  729.144   509.000   0.258915E-01
  729.644   509.000   0.299012E-01
  730.144   509.000   0.335910E-01
  730.643   509.000   0.368270E-01
  731.143   509.000   0.395105E-01
  731.643   509.000   0.415834E-01
  732.143   509.000   0.430310E-01
  732.642   509.000   0.438788E-01
  733.142   509.000   0.441863E-01
  733.642   509.000   0.440395E-01
  734.142   509.000   0.435403E-01
  734.641   509.000   0.427986E-01
  735.141   509.000   0.419238E-01
  735.641   509.000   0.410199E-01
  736.141   509.000   0.401813E-01
  736.640   509.000   0.394918E-01
  737.140   509.000   0.390230E-01
  737.640   509.000   0.388342E-01
  738.140   509.000   0.389712E-01
  738.639   509.000   0.394633E-01
  739.139   509.000   0.403201E-01
  739.639   509.000   0.415260E-01
  740.139   509.000   0.430367E-01
  740.638   509.000   0.447750E-01
  741.138   509.000   0.466298E-01
  741.638   509.000   0.484597E-01
  742.138   509.000   0.500986E-01
  742.638   509.000   0.513682E-01
  743.137   509.000   0.520913E-01
  743.637   509.000   0.521097E-01
  744.137   509.000   0.513010E-01
  744.637   509.000   0.495930E-01
  745.136   509.000   0.469761E-01
  745.636   509.000   0.435070E-01
  746.136   509.000   0.393091E-01
  746.636   509.000   0.345617E-01
  747.135   509.000   0.294876E-01
  747.635   509.000   0.243315E-01
  748.135   509.000   0.193394E-01
  748.635   509.000   0.147357E-01
  749.134   509.000   0.107035E-01
  749.634   509.000   0.737049E-02
  750.134   509.000   0.479815E-02
  750.634   509.000   0.298152E-02
  751.133   509.000   0.185201E-02
  751.633   509.000   0.128912E-02
  752.133   509.000   0.113415E-02
  752.633   509.000   0.120791E-02
  753.132   509.000   0.132857E-02
  753.632   509.000   0.132766E-02
  754.132   509.000   0.106466E-02
  754.632   509.000   0.436164E-03
  755.131   509.000  -0.617348E-03
  755.631   509.000  -0.211095E-02
  756.131   509.000  -0.401700E-02
  756.631   509.000  -0.627138E-02
  757.130   509.000  -0.878142E-02
  757.630   509.000  -0.114358E-01
  758.130   509.000  -0.141151E-01
  758.630   509.000  -0.167020E-01
  759.129   509.000  -0.190904E-01
  759.629   509.000  -0.211937E-01
  760.129   509.000  -0.229501E-01
  760.629   509.000  -0.243261E-01
  761.128   509.000  -0.253171E-01
  761.628   509.000  -0.259453E-01
  762.128   509.000  -0.262560E-01
  762.628   509.000  -0.263108E-01
  763.128   509.000  -0.261809E-01
  763.627   509.000  -0.259395E-01
  764.127   509.000  -0.256541E-01
  764.627   509.000  -0.253813E-01
  765.127   509.000  -0.251624E-01
  765.626   509.000  -0.250218E-01
  766.126   509.000  -0.249675E-01
  766.626   509.000  -0.249937E-01
  767.126   509.000  -0.250845E-01
  767.625   509.000  -0.252190E-01
  768.125   509.000  -0.253755E-01
  768.625   509.000  -0.255353E-01
  769.125   509.000  -0.256857E-01
  769.624   509.000  -0.258199E-01
  770.124   509.000  -0.259373E-01
  770.624   509.000  -0.260414E-01
  771.124   509.000  -0.261376E-01
  771.623   509.000  -0.262302E-01
  772.123   509.000  -0.263206E-01
  772.623   509.000  -0.264061E-01
  773.123   509.000  -0.264787E-01
  773.622   509.000  -0.265262E-01
  774.122   509.000  -0.265323E-01
  774.622   509.000  -0.264781E-01
  775.122   509.000  -0.263431E-01
  775.621   509.000  -0.261054E-01
  776.121   509.000  -0.257421E-01
  776.621   509.000  -0.252290E-01
  777.121   509.000  -0.245408E-01
  777.620   509.000  -0.236515E-01
  778.120   509.000  -0.225353E-01
  778.620   509.000  -0.211702E-01
  779.120   509.000  -0.195403E-01
  779.619   509.000  -0.176412E-01
  780.119   509.000  -0.154840E-01
  780.619   509.000  -0.130995E-01
  781.119   509.000  -0.105410E-01
  781.618   509.000  -0.788455E-02
  782.118   509.000  -0.522696E-02
  782.618   509.000  -0.268024E-02
  783.118   509.000  -0.364900E-03
  783.617   509.000   0.160003E-02
  784.117   509.000   0.310649E-02
  784.617   509.000   0.406667E-02
  785.117   509.000   0.442096E-02
  785.617   509.000   0.414202E-02
  786.116   509.000   0.323728E-02
  786.616   509.000   0.174582E-02
  787.116   509.000  -0.265718E-03
  787.616   509.000  -0.271103E-02
  788.115   509.000  -0.549236E-02
  788.615   509.000  -0.850885E-02
  789.115   509.000  -0.116645E-01
  789.615   509.000  -0.148732E-01
  790.114   509.000  -0.180627E-01
  790.614   509.000  -0.211752E-01
  791.114   509.000  -0.241673E-01
  791.614   509.000  -0.270077E-01
  792.113   509.000  -0.296741E-01
  792.613   509.000  -0.321516E-01
  793.113   509.000  -0.344298E-01
  793.613   509.000  -0.365026E-01
  794.112   509.000  -0.383666E-01
  794.612   509.000  -0.400227E-01
  795.112   509.000  -0.414754E-01
  795.612   509.000  -0.427338E-01
  796.111   509.000  -0.438112E-01
  796.611   509.000  -0.447242E-01
  797.111   509.000  -0.454912E-01
  797.611   509.000  -0.461303E-01
  798.110   509.000  -0.466576E-01
  798.610   509.000  -0.470851E-01
  799.110   509.000  -0.474195E-01
  799.610   509.000  -0.476618E-01
  800.109   509.000  -0.478078E-01
  800.609   509.000  -0.478492E-01
  801.109   509.000  -0.477755E-01
  801.609   509.000  -0.475759E-01
  802.108   509.000  -0.472417E-01
  802.608   509.000  -0.467675E-01
  803.108   509.000  -0.461530E-01
  803.608   509.000  -0.454037E-01
  804.107   509.000  -0.445312E-01
  804.607   509.000  -0.435532E-01
  805.107   509.000  -0.424934E-01
  805.607   509.000  -0.413801E-01
  806.107   509.000  -0.402460E-01
  806.606   509.000  -0.391259E-01
  807.106   509.000  -0.380551E-01
  807.606   509.000  -0.370663E-01
  808.106   509.000  -0.361872E-01
  808.605   509.000  -0.354367E-01
  809.105   509.000  -0.348220E-01
  809.605   509.000  -0.343369E-01
  810.105   509.000  -0.339601E-01
  810.604   509.000  -0.336568E-01
  811.104   509.000  -0.333808E-01
  811.604   509.000  -0.330802E-01
  812.104   509.000  -0.327031E-01
  812.603   509.000  -0.322048E-01
  813.103   509.000  -0.315550E-01
  813.603   509.000  -0.307423E-01
  814.103   509.000  -0.297786E-01
  814.602   509.000  -0.286976E-01
  815.102   509.000  -0.275525E-01
  815.602   509.000  -0.264084E-01
  816.102   509.000  -0.253339E-01
  816.601   509.000  -0.243914E-01
  817.101   509.000  -0.236268E-01
  817.601   509.000  -0.230630E-01
  818.101   509.000  -0.226943E-01
  818.600   509.000  -0.224874E-01
  819.100   509.000  -0.223834E-01
  819.600   509.000  -0.223070E-01
  820.100   509.000  -0.221743E-01
  820.599   509.000  -0.219049E-01
  821.099   509.000  -0.214311E-01
  821.599   509.000  -0.207061E-01
  822.099   509.000  -0.197096E-01
  822.598   509.000  -0.184475E-01
  823.098   509.000  -0.169513E-01
  823.598   509.000  -0.152719E-01
  824.098   509.000  -0.134734E-01
  824.597   509.000  -0.116260E-01
  825.097   509.000  -0.979902E-02
  825.597   509.000  -0.805701E-02
  826.097   509.000  -0.645621E-02
  826.596   509.000  -0.504474E-02
  827.096   509.000  -0.386282E-02
  827.596   509.000  -0.294464E-02
  828.096   509.000  -0.232013E-02
  828.596   509.000  -0.201464E-02
  829.095   509.000  -0.204913E-02
  829.595   509.000  -0.243719E-02
  830.095   509.000  -0.318295E-02
  830.595   509.000  -0.427767E-02
  831.094   509.000  -0.569742E-02
  831.594   509.000  -0.740311E-02
  832.094   509.000  -0.934127E-02
  832.594   509.000  -0.114492E-01
  833.093   509.000  -0.136598E-01
  833.593   509.000  -0.159096E-01
  834.093   509.000  -0.181458E-01
  834.593   509.000  -0.203316E-01
  835.092   509.000  -0.224513E-01
  835.592   509.000  -0.245099E-01
  836.092   509.000  -0.265325E-01
  836.592   509.000  -0.285575E-01
  837.091   509.000  -0.306312E-01
  837.591   509.000  -0.327993E-01
  838.091   509.000  -0.350991E-01
  838.591   509.000  -0.375542E-01
  839.090   509.000  -0.401703E-01
  839.590   509.000  -0.429343E-01
  840.090   509.000  -0.458148E-01
  840.590   509.000  -0.487660E-01
  841.089   509.000  -0.517309E-01
  841.589   509.000  -0.546459E-01
  842.089   509.000  -0.574445E-01
  842.589   509.000  -0.600592E-01
  843.088   509.000  -0.624241E-01
  843.588   509.000  -0.644748E-01
  844.088   509.000  -0.661496E-01
  844.588   509.000  -0.673901E-01
  845.087   509.000  -0.681431E-01
  845.587   509.000  -0.683640E-01
  846.087   509.000  -0.680194E-01
  846.587   509.000  -0.670922E-01
  847.086   509.000  -0.655845E-01
  847.586   509.000  -0.635197E-01
  848.086   509.000  -0.609430E-01
  848.586   509.000  -0.579174E-01
  849.086   509.000  -0.545202E-01
  849.585   509.000  -0.508338E-01
  850.085   509.000  -0.469388E-01
  850.585   509.000  -0.429059E-01
  851.085   509.000  -0.387890E-01
  851.584   509.000  -0.346233E-01
  852.084   509.000  -0.304243E-01
  852.584   509.000  -0.261929E-01
  853.084   509.000  -0.219216E-01
  853.583   509.000  -0.176034E-01
  854.083   509.000  -0.132402E-01
  854.583   509.000  -0.884944E-02
  855.083   509.000  -0.446917E-02
  855.582   509.000  -0.156036E-03
  856.082   509.000   0.401695E-02
  856.582   509.000   0.796983E-02
  857.082   509.000   0.116245E-01
  857.581   509.000   0.149152E-01
  858.081   509.000   0.177986E-01
  858.581   509.000   0.202577E-01
  859.081   509.000   0.223059E-01
  859.580   509.000   0.239825E-01
  860.080   509.000   0.253474E-01
  860.580   509.000   0.264713E-01
  861.080   509.000   0.274249E-01
  861.579   509.000   0.282700E-01
  862.079   509.000   0.290502E-01
  862.579   509.000   0.297888E-01
  863.079   509.000   0.304866E-01
  863.578   509.000   0.311263E-01
  864.078   509.000   0.316774E-01
  864.578   509.000   0.321036E-01
  865.078   509.000   0.323700E-01
  865.577   509.000   0.324470E-01
  866.077   509.000   0.323150E-01
  866.577   509.000   0.319627E-01
  867.077   509.000   0.313867E-01
  867.576   509.000   0.305873E-01
  868.076   509.000   0.295648E-01
  868.576   509.000   0.283186E-01
  869.076   509.000   0.268447E-01
  869.576   509.000   0.251398E-01
  870.075   509.000   0.232043E-01
  870.575   509.000   0.210490E-01
  871.075   509.000   0.187002E-01
  871.575   509.000   0.162046E-01
  872.074   509.000   0.136318E-01
  872.574   509.000   0.110712E-01
  873.074   509.000   0.862830E-02
  873.574   509.000   0.641345E-02
  874.073   509.000   0.453174E-02
  874.573   509.000   0.306973E-02
  875.073   509.000   0.208373E-02
  875.573   509.000   0.159209E-02
  876.072   509.000   0.156898E-02
  876.572   509.000   0.194703E-02
  877.072   509.000   0.262092E-02
  877.572   509.000   0.345904E-02
  878.071   509.000   0.431548E-02
  878.571   509.000   0.504473E-02
  879.071   509.000   0.551612E-02
  879.571   509.000   0.562434E-02
  880.070   509.000   0.529919E-02
  880.570   509.000   0.450806E-02
  881.070   509.000   0.325727E-02
  881.570   509.000   0.158702E-02
  882.069   509.000  -0.434813E-03
  882.569   509.000  -0.272128E-02
  883.069   509.000  -0.517577E-02
  883.569   509.000  -0.770019E-02
  884.068   509.000  -0.102032E-01
  884.568   509.000  -0.126055E-01
  885.068   509.000  -0.148437E-01
  885.568   509.000  -0.168729E-01
  886.067   509.000  -0.186669E-01
  886.567   509.000  -0.202175E-01
  887.067   509.000  -0.215332E-01
  887.567   509.000  -0.226362E-01
  888.066   509.000  -0.235598E-01
  888.566   509.000  -0.243451E-01
  889.066   509.000  -0.250374E-01
  889.566   509.000  -0.256834E-01
  890.065   509.000  -0.263277E-01
  890.565   509.000  -0.270108E-01
  891.065   509.000  -0.277673E-01
  891.565   509.000  -0.286254E-01
  892.065   509.000  -0.296064E-01
  892.564   509.000  -0.307257E-01
  893.064   509.000  -0.319934E-01
  893.564   509.000  -0.334153E-01
  894.064   509.000  -0.349934E-01
  894.563   509.000  -0.367258E-01
  895.063   509.000  -0.386048E-01
  895.563   509.000  -0.406163E-01
  896.063   509.000  -0.427381E-01
  896.562   509.000  -0.449377E-01
  897.062   509.000  -0.471728E-01
  897.562   509.000  -0.493915E-01
  898.062   509.000  -0.515347E-01
  898.561   509.000  -0.535418E-01
  899.061   509.000  -0.553557E-01
  899.561   509.000  -0.569294E-01
  900.061   509.000  -0.582324E-01
  900.560   509.000  -0.592551E-01
  901.060   509.000  -0.600115E-01
  901.560   509.000  -0.605381E-01
  902.060   509.000  -0.608911E-01
  902.559   509.000  -0.611386E-01
  903.059   509.000  -0.613521E-01
  903.559   509.000  -0.615965E-01
  904.059   509.000  -0.619208E-01
  904.558   509.000  -0.623503E-01
  905.058   509.000  -0.628810E-01
  905.558   509.000  -0.634790E-01
  906.058   509.000  -0.640817E-01
  906.557   509.000  -0.646045E-01
  907.057   509.000  -0.649478E-01
  907.557   509.000  -0.650073E-01
  908.057   509.000  -0.646836E-01
  908.556   509.000  -0.638905E-01
  909.056   509.000  -0.625631E-01
  909.556   509.000  -0.606619E-01
  910.056   509.000  -0.581761E-01
  910.555   509.000  -0.551237E-01
  911.055   509.000  -0.515499E-01
  911.555   509.000  -0.475250E-01
  912.055   509.000  -0.431400E-01
  912.554   509.000  -0.385027E-01
  913.054   509.000  -0.337319E-01
  913.554   509.000  -0.289518E-01
  914.054   509.000  -0.242858E-01
  914.553   509.000  -0.198490E-01
  915.053   509.000  -0.157410E-01
  915.553   509.000  -0.120394E-01
  916.053   509.000  -0.879376E-02
  916.552   509.000  -0.602189E-02
  917.052   509.000  -0.370840E-02
  917.552   509.000  -0.180830E-02
  918.052   509.000  -0.251494E-03
  918.552   509.000   0.104661E-02
  919.051   509.000   0.217499E-02
  919.551   509.000   0.321405E-02
  920.051   509.000   0.422382E-02
  920.551   509.000   0.523633E-02
  921.050   509.000   0.624901E-02
  921.550   509.000   0.722655E-02
  922.050   509.000   0.810319E-02
  922.550   509.000   0.879394E-02
  923.049   509.000   0.920551E-02
  923.549   509.000   0.924954E-02
  924.049   509.000   0.885543E-02
  924.549   509.000   0.797829E-02
  925.048   509.000   0.660670E-02
  925.548   509.000   0.476099E-02
  926.048   509.000   0.249172E-02
  926.548   509.000  -0.129169E-03
  927.047   509.000  -0.301726E-02
  927.547   509.000  -0.608463E-02
  928.047   509.000  -0.924928E-02
  928.547   509.000  -0.124389E-01
  929.046   509.000  -0.155955E-01
  929.546   509.000  -0.186725E-01
  930.046   509.000  -0.216332E-01
  930.546   509.000  -0.244462E-01
  931.045   509.000  -0.270808E-01
  931.545   509.000  -0.295068E-01
  932.045   509.000  -0.316919E-01
  932.545   509.000  -0.336066E-01
  933.044   509.000  -0.352269E-01
  933.544   509.000  -0.365400E-01
  934.044   509.000  -0.375487E-01
  934.544   509.000  -0.382724E-01
  935.043   509.000  -0.387482E-01
  935.543   509.000  -0.390237E-01
  936.043   509.000  -0.391515E-01
  936.543   509.000  -0.391780E-01
  937.042   509.000  -0.391338E-01
  937.542   509.000  -0.390265E-01
  938.042   509.000  -0.388338E-01
  938.542   509.000  -0.385066E-01
  939.042   509.000  -0.379720E-01
  939.541   509.000  -0.371458E-01
  940.041   509.000  -0.359455E-01
  940.541   509.000  -0.343042E-01
  941.041   509.000  -0.321854E-01
  941.540   509.000  -0.295896E-01
  942.040   509.000  -0.265608E-01
  942.540   509.000  -0.231793E-01
  943.040   509.000  -0.195546E-01
  943.539   509.000  -0.158081E-01
  944.039   509.000  -0.120570E-01
  944.539   509.000  -0.839798E-02
  945.039   509.000  -0.489084E-02
  945.538   509.000  -0.155463E-02
  946.038   509.000   0.163682E-02
  946.538   509.000   0.474389E-02
  947.038   509.000   0.785081E-02
  947.537   509.000   0.110458E-01
  948.037   509.000   0.144021E-01
  948.537   509.000   0.179623E-01
  949.037   509.000   0.217244E-01
  949.536   509.000   0.256392E-01
  950.036   509.000   0.296089E-01
  950.536   509.000   0.335015E-01
  951.036   509.000   0.371652E-01
  951.535   509.000   0.404486E-01
  952.035   509.000   0.432209E-01
  952.535   509.000   0.453876E-01
  953.035   509.000   0.469059E-01
  953.534   509.000   0.477856E-01
  954.034   509.000   0.480903E-01
  954.534   509.000   0.479246E-01
  955.034   509.000   0.474210E-01
  955.533   509.000   0.467213E-01
  956.033   509.000   0.459573E-01
  956.533   509.000   0.452366E-01
  957.033   509.000   0.446282E-01
  957.532   509.000   0.441591E-01
  958.032   509.000   0.438101E-01
  958.532   509.000   0.435246E-01
  959.032   509.000   0.432166E-01
  959.531   509.000   0.427843E-01
  960.031   509.000   0.421231E-01
  960.531   509.000   0.411385E-01
  961.031   509.000   0.397587E-01
  961.531   509.000   0.379410E-01
  962.030   509.000   0.356769E-01
  962.530   509.000   0.329923E-01
  963.030   509.000   0.299459E-01
  963.530   509.000   0.266236E-01
  964.029   509.000   0.231322E-01
  964.529   509.000   0.195910E-01
  965.029   509.000   0.161221E-01
  965.529   509.000   0.128432E-01
  966.028   509.000   0.985971E-02
  966.528   509.000   0.725745E-02
  967.028   509.000   0.509601E-02
  967.528   509.000   0.340504E-02
  968.027   509.000   0.218143E-02
  968.527   509.000   0.138944E-02
  969.027   509.000   0.962515E-03
  969.527   509.000   0.807009E-03
  970.026   509.000   0.806981E-03
  970.526   509.000   0.833519E-03
  971.026   509.000   0.754091E-03
  971.526   509.000   0.442772E-03
  972.025   509.000  -0.209570E-03
  972.525   509.000  -0.128598E-02
  973.025   509.000  -0.283548E-02
  973.525   509.000  -0.486736E-02
  974.024   509.000  -0.734677E-02
  974.524   509.000  -0.101971E-01
  975.024   509.000  -0.133034E-01
  975.524   509.000  -0.165202E-01
  976.023   509.000  -0.196801E-01
  976.523   509.000  -0.226074E-01
  977.023   509.000  -0.251318E-01
  977.523   509.000  -0.271017E-01
  978.022   509.000  -0.283975E-01
  978.522   509.000  -0.289409E-01
  979.022   509.000  -0.287038E-01
  979.522   509.000  -0.277084E-01
  980.021   509.000  -0.260274E-01
  980.521   509.000  -0.237750E-01
  981.021   509.000  -0.210989E-01
  981.521   509.000  -0.181638E-01
  982.021   509.000  -0.151359E-01
  982.520   509.000  -0.121673E-01
  983.020   509.000  -0.938181E-02
  983.520   509.000  -0.686462E-02
  984.020   509.000  -0.465331E-02
  984.519   509.000  -0.273909E-02
  985.019   509.000  -0.106882E-02
  985.519   509.000   0.445026E-03
  986.019   509.000   0.191363E-02
  986.518   509.000   0.345692E-02
  987.018   509.000   0.518821E-02
  987.518   509.000   0.720219E-02
  988.018   509.000   0.956284E-02
  988.517   509.000   0.122977E-01
  989.017   509.000   0.153931E-01
  989.517   509.000   0.187961E-01
  990.017   509.000   0.224190E-01
  990.516   509.000   0.261460E-01
  991.016   509.000   0.298424E-01
  991.516   509.000   0.333637E-01
  992.016   509.000   0.365654E-01
  992.515   509.000   0.393117E-01
  993.015   509.000   0.414850E-01
  993.515   509.000   0.429911E-01
  994.015   509.000   0.437651E-01
  994.514   509.000   0.437758E-01
  995.014   509.000   0.430298E-01
  995.514   509.000   0.415720E-01
  996.014   509.000   0.394849E-01
  996.513   509.000   0.368848E-01
  997.013   509.000   0.339169E-01
  997.513   509.000   0.307450E-01
  998.013   509.000   0.275417E-01
  998.512   509.000   0.244737E-01
  999.012   509.000   0.216887E-01
  999.512   509.000   0.193026E-01
 1000.012   509.000   0.173890E-01
 1000.511   509.000   0.159742E-01
 1001.011   509.000   0.150332E-01
 1001.511   509.000   0.144962E-01
 1002.011   509.000   0.142556E-01
 1002.510   509.000   0.141807E-01
 1003.010   509.000   0.141342E-01
 1003.510   509.000   0.139878E-01
 1004.010   509.000   0.136381E-01
 1004.510   509.000   0.130168E-01
 1005.009   509.000   0.120996E-01
 1005.509   509.000   0.109040E-01
 1006.009   509.000   0.948651E-02
 1006.509   509.000   0.793097E-02
 1007.008   509.000   0.633585E-02
 1007.508   509.000   0.480009E-02
 1008.008   509.000   0.340857E-02
 1008.508   509.000   0.222224E-02
 1009.007   509.000   0.126757E-02
 1009.507   509.000   0.537938E-03
 1010.007   509.000  -0.490287E-05
 1010.507   509.000  -0.423573E-03
 1011.006   509.000  -0.797060E-03
 1011.506   509.000  -0.120883E-02
 1012.006   509.000  -0.173455E-02
 1012.506   509.000  -0.243456E-02
 1013.005   509.000  -0.334591E-02
 1013.505   509.000  -0.448048E-02
 1014.005   509.000  -0.582320E-02
 1014.505   509.000  -0.733721E-02
 1015.004   509.000  -0.896996E-02
 1015.504   509.000  -0.106602E-01
 1016.004   509.000  -0.123450E-01
 1016.504   509.000  -0.139691E-01
 1017.003   509.000  -0.154943E-01
 1017.503   509.000  -0.169017E-01
 1018.003   509.000  -0.181923E-01
 1018.503   509.000  -0.193895E-01
 1019.002   509.000  -0.205407E-01
 1019.502   509.000  -0.217073E-01
 1020.002   509.000  -0.229534E-01
 1020.502   509.000  -0.243416E-01
 1021.001   509.000  -0.259298E-01
 1021.501   509.000  -0.277664E-01
 1022.001   509.000  -0.298234E-01
 1022.501   509.000  -0.320311E-01
 1023.000   509.000  -0.345387E-01
 1023.500   509.000  -0.373060E-01
 1024.000   509.000  -0.394904E-01
