    1.000   513.000  -0.235879E-02
    1.500   513.000  -0.231647E-02
    2.000   513.000  -0.226465E-02
    2.499   513.000  -0.222103E-02
    2.999   513.000  -0.218483E-02
    3.499   513.000  -0.215122E-02
    3.999   513.000  -0.212099E-02
    4.498   513.000  -0.209480E-02
    4.998   513.000  -0.207295E-02
    5.498   513.000  -0.205611E-02
    5.998   513.000  -0.204471E-02
    6.497   513.000  -0.203911E-02
    6.997   513.000  -0.203958E-02
    7.497   513.000  -0.204632E-02
    7.997   513.000  -0.205969E-02
    8.496   513.000  -0.208001E-02
    8.996   513.000  -0.210737E-02
    9.496   513.000  -0.214177E-02
    9.996   513.000  -0.218329E-02
   10.495   513.000  -0.223189E-02
   10.995   513.000  -0.228734E-02
   11.495   513.000  -0.234931E-02
   11.995   513.000  -0.241732E-02
   12.494   513.000  -0.249086E-02
   12.994   513.000  -0.256955E-02
   13.494   513.000  -0.265292E-02
   13.994   513.000  -0.274021E-02
   14.493   513.000  -0.283050E-02
   14.993   513.000  -0.292282E-02
   15.493   513.000  -0.301615E-02
   15.993   513.000  -0.310957E-02
   16.492   513.000  -0.320211E-02
   16.992   513.000  -0.329275E-02
   17.492   513.000  -0.338042E-02
   17.992   513.000  -0.346416E-02
   18.491   513.000  -0.354302E-02
   18.991   513.000  -0.361599E-02
   19.491   513.000  -0.368215E-02
   19.991   513.000  -0.374067E-02
   20.490   513.000  -0.379082E-02
   20.990   513.000  -0.383191E-02
   21.490   513.000  -0.386340E-02
   21.990   513.000  -0.388488E-02
   22.489   513.000  -0.389610E-02
   22.989   513.000  -0.389684E-02
   23.489   513.000  -0.388700E-02
   23.989   513.000  -0.386667E-02
   24.489   513.000  -0.383602E-02
   24.988   513.000  -0.379538E-02
   25.488   513.000  -0.374520E-02
   25.988   513.000  -0.368611E-02
   26.488   513.000  -0.361887E-02
   26.987   513.000  -0.354431E-02
   27.487   513.000  -0.346331E-02
   27.987   513.000  -0.337678E-02
   28.487   513.000  -0.328570E-02
   28.986   513.000  -0.319122E-02
   29.486   513.000  -0.309455E-02
   29.986   513.000  -0.299682E-02
   30.486   513.000  -0.289917E-02
   30.985   513.000  -0.280272E-02
   31.485   513.000  -0.270860E-02
   31.985   513.000  -0.261788E-02
   32.485   513.000  -0.253160E-02
   32.984   513.000  -0.245069E-02
   33.484   513.000  -0.237603E-02
   33.984   513.000  -0.230838E-02
   34.484   513.000  -0.224840E-02
   34.983   513.000  -0.219655E-02
   35.483   513.000  -0.215316E-02
   35.983   513.000  -0.211863E-02
   36.483   513.000  -0.209321E-02
   36.982   513.000  -0.207680E-02
   37.482   513.000  -0.206917E-02
   37.982   513.000  -0.207015E-02
   38.482   513.000  -0.207945E-02
   38.981   513.000  -0.209648E-02
   39.481   513.000  -0.212049E-02
   39.981   513.000  -0.215083E-02
   40.481   513.000  -0.218674E-02
   40.980   513.000  -0.222723E-02
   41.480   513.000  -0.227119E-02
   41.980   513.000  -0.231754E-02
   42.480   513.000  -0.236518E-02
   42.979   513.000  -0.241296E-02
   43.479   513.000  -0.245966E-02
   43.979   513.000  -0.250404E-02
   44.479   513.000  -0.254483E-02
   44.979   513.000  -0.258081E-02
   45.478   513.000  -0.261080E-02
   45.978   513.000  -0.263368E-02
   46.478   513.000  -0.264835E-02
   46.978   513.000  -0.265375E-02
   47.477   513.000  -0.264886E-02
   47.977   513.000  -0.263285E-02
   48.477   513.000  -0.260499E-02
   48.977   513.000  -0.256461E-02
   49.476   513.000  -0.251112E-02
   49.976   513.000  -0.244408E-02
   50.476   513.000  -0.236317E-02
   50.976   513.000  -0.226826E-02
   51.475   513.000  -0.215933E-02
   51.975   513.000  -0.203648E-02
   52.475   513.000  -0.189992E-02
   52.975   513.000  -0.175003E-02
   53.474   513.000  -0.158731E-02
   53.974   513.000  -0.141241E-02
   54.474   513.000  -0.122612E-02
   54.974   513.000  -0.102934E-02
   55.473   513.000  -0.823073E-03
   55.973   513.000  -0.608451E-03
   56.473   513.000  -0.386684E-03
   56.973   513.000  -0.159059E-03
   57.472   513.000   0.730648E-04
   57.972   513.000   0.308244E-03
   58.472   513.000   0.544984E-03
   58.972   513.000   0.781771E-03
   59.471   513.000   0.101707E-02
   59.971   513.000   0.124933E-02
   60.471   513.000   0.147701E-02
   60.971   513.000   0.169865E-02
   61.470   513.000   0.191280E-02
   61.970   513.000   0.211802E-02
   62.470   513.000   0.231293E-02
   62.970   513.000   0.249631E-02
   63.469   513.000   0.266709E-02
   63.969   513.000   0.282415E-02
   64.469   513.000   0.296650E-02
   64.969   513.000   0.309334E-02
   65.468   513.000   0.320401E-02
   65.968   513.000   0.329796E-02
   66.468   513.000   0.337478E-02
   66.968   513.000   0.343420E-02
   67.468   513.000   0.347607E-02
   67.967   513.000   0.350039E-02
   68.467   513.000   0.350726E-02
   68.967   513.000   0.349692E-02
   69.467   513.000   0.346975E-02
   69.966   513.000   0.342625E-02
   70.466   513.000   0.336703E-02
   70.966   513.000   0.329274E-02
   71.466   513.000   0.320411E-02
   71.965   513.000   0.310195E-02
   72.465   513.000   0.298713E-02
   72.965   513.000   0.286056E-02
   73.465   513.000   0.272314E-02
   73.964   513.000   0.257583E-02
   74.464   513.000   0.241960E-02
   74.964   513.000   0.225536E-02
   75.464   513.000   0.208398E-02
   75.963   513.000   0.190638E-02
   76.463   513.000   0.172343E-02
   76.963   513.000   0.153592E-02
   77.463   513.000   0.134461E-02
   77.962   513.000   0.115022E-02
   78.462   513.000   0.953409E-03
   78.962   513.000   0.754764E-03
   79.462   513.000   0.554834E-03
   79.961   513.000   0.354155E-03
   80.461   513.000   0.153228E-03
   80.961   513.000  -0.475309E-04
   81.461   513.000  -0.247735E-03
   81.960   513.000  -0.446995E-03
   82.460   513.000  -0.644922E-03
   82.960   513.000  -0.841161E-03
   83.460   513.000  -0.103536E-02
   83.959   513.000  -0.122715E-02
   84.459   513.000  -0.141615E-02
   84.959   513.000  -0.160196E-02
   85.459   513.000  -0.178416E-02
   85.958   513.000  -0.196230E-02
   86.458   513.000  -0.213590E-02
   86.958   513.000  -0.230444E-02
   87.458   513.000  -0.246738E-02
   87.957   513.000  -0.262415E-02
   88.457   513.000  -0.277418E-02
   88.957   513.000  -0.291686E-02
   89.457   513.000  -0.305156E-02
   89.957   513.000  -0.317768E-02
   90.456   513.000  -0.329462E-02
   90.956   513.000  -0.340180E-02
   91.456   513.000  -0.349869E-02
   91.956   513.000  -0.358479E-02
   92.455   513.000  -0.365964E-02
   92.955   513.000  -0.372289E-02
   93.455   513.000  -0.377427E-02
   93.955   513.000  -0.381360E-02
   94.454   513.000  -0.384081E-02
   94.954   513.000  -0.385595E-02
   95.454   513.000  -0.385917E-02
   95.954   513.000  -0.385081E-02
   96.453   513.000  -0.383135E-02
   96.953   513.000  -0.380136E-02
   97.453   513.000  -0.376150E-02
   97.953   513.000  -0.371268E-02
   98.452   513.000  -0.365591E-02
   98.952   513.000  -0.359231E-02
   99.452   513.000  -0.352311E-02
   99.952   513.000  -0.344963E-02
  100.451   513.000  -0.337327E-02
  100.951   513.000  -0.329550E-02
  101.451   513.000  -0.321789E-02
  101.951   513.000  -0.314196E-02
  102.450   513.000  -0.306927E-02
  102.950   513.000  -0.300134E-02
  103.450   513.000  -0.293966E-02
  103.950   513.000  -0.288565E-02
  104.449   513.000  -0.284063E-02
  104.949   513.000  -0.280583E-02
  105.449   513.000  -0.278232E-02
  105.949   513.000  -0.277103E-02
  106.448   513.000  -0.277270E-02
  106.948   513.000  -0.278788E-02
  107.448   513.000  -0.281695E-02
  107.948   513.000  -0.286004E-02
  108.447   513.000  -0.291707E-02
  108.947   513.000  -0.298775E-02
  109.447   513.000  -0.307154E-02
  109.947   513.000  -0.316770E-02
  110.447   513.000  -0.327527E-02
  110.946   513.000  -0.339310E-02
  111.446   513.000  -0.351982E-02
  111.946   513.000  -0.365391E-02
  112.446   513.000  -0.379368E-02
  112.945   513.000  -0.393732E-02
  113.445   513.000  -0.408291E-02
  113.945   513.000  -0.422845E-02
  114.445   513.000  -0.437189E-02
  114.944   513.000  -0.451116E-02
  115.444   513.000  -0.464419E-02
  115.944   513.000  -0.476893E-02
  116.444   513.000  -0.488344E-02
  116.943   513.000  -0.498586E-02
  117.443   513.000  -0.507446E-02
  117.943   513.000  -0.514766E-02
  118.443   513.000  -0.520404E-02
  118.942   513.000  -0.524241E-02
  119.442   513.000  -0.526180E-02
  119.942   513.000  -0.526144E-02
  120.442   513.000  -0.524083E-02
  120.941   513.000  -0.519972E-02
  121.441   513.000  -0.513817E-02
  121.941   513.000  -0.505646E-02
  122.441   513.000  -0.495511E-02
  122.940   513.000  -0.483493E-02
  123.440   513.000  -0.469697E-02
  123.940   513.000  -0.454249E-02
  124.440   513.000  -0.437299E-02
  124.939   513.000  -0.419015E-02
  125.439   513.000  -0.399578E-02
  125.939   513.000  -0.379191E-02
  126.439   513.000  -0.358064E-02
  126.938   513.000  -0.336414E-02
  127.438   513.000  -0.314462E-02
  127.938   513.000  -0.292433E-02
  128.438   513.000  -0.270549E-02
  128.937   513.000  -0.249029E-02
  129.437   513.000  -0.228080E-02
  129.937   513.000  -0.207902E-02
  130.437   513.000  -0.188677E-02
  130.936   513.000  -0.170574E-02
  131.436   513.000  -0.153738E-02
  131.936   513.000  -0.138294E-02
  132.436   513.000  -0.124343E-02
  132.936   513.000  -0.111962E-02
  133.435   513.000  -0.101201E-02
  133.935   513.000  -0.920860E-03
  134.435   513.000  -0.846134E-03
  134.935   513.000  -0.787539E-03
  135.434   513.000  -0.744515E-03
  135.934   513.000  -0.716248E-03
  136.434   513.000  -0.701683E-03
  136.934   513.000  -0.699549E-03
  137.433   513.000  -0.708382E-03
  137.933   513.000  -0.726561E-03
  138.433   513.000  -0.752320E-03
  138.933   513.000  -0.783754E-03
  139.432   513.000  -0.818873E-03
  139.932   513.000  -0.855679E-03
  140.432   513.000  -0.892169E-03
  140.932   513.000  -0.926327E-03
  141.431   513.000  -0.956188E-03
  141.931   513.000  -0.979918E-03
  142.431   513.000  -0.995817E-03
  142.931   513.000  -0.100231E-02
  143.430   513.000  -0.998017E-03
  143.930   513.000  -0.981763E-03
  144.430   513.000  -0.952629E-03
  144.930   513.000  -0.909933E-03
  145.429   513.000  -0.853259E-03
  145.929   513.000  -0.782467E-03
  146.429   513.000  -0.697698E-03
  146.929   513.000  -0.599366E-03
  147.428   513.000  -0.488161E-03
  147.928   513.000  -0.365050E-03
  148.428   513.000  -0.231257E-03
  148.928   513.000  -0.882173E-04
  149.427   513.000   0.624275E-04
  149.927   513.000   0.218832E-03
  150.427   513.000   0.378992E-03
  150.927   513.000   0.540798E-03
  151.426   513.000   0.702056E-03
  151.926   513.000   0.860515E-03
  152.426   513.000   0.101391E-02
  152.926   513.000   0.116002E-02
  153.426   513.000   0.129668E-02
  153.925   513.000   0.142182E-02
  154.425   513.000   0.153352E-02
  154.925   513.000   0.163004E-02
  155.425   513.000   0.170984E-02
  155.924   513.000   0.177161E-02
  156.424   513.000   0.181429E-02
  156.924   513.000   0.183712E-02
  157.424   513.000   0.183961E-02
  157.923   513.000   0.182161E-02
  158.423   513.000   0.178322E-02
  158.923   513.000   0.172490E-02
  159.423   513.000   0.164741E-02
  159.922   513.000   0.155180E-02
  160.422   513.000   0.143938E-02
  160.922   513.000   0.131174E-02
  161.422   513.000   0.117073E-02
  161.921   513.000   0.101837E-02
  162.421   513.000   0.856879E-03
  162.921   513.000   0.688620E-03
  163.421   513.000   0.516066E-03
  163.920   513.000   0.341753E-03
  164.420   513.000   0.168248E-03
  164.920   513.000  -0.188483E-05
  165.420   513.000  -0.166129E-03
  165.919   513.000  -0.322063E-03
  166.419   513.000  -0.467392E-03
  166.919   513.000  -0.599968E-03
  167.419   513.000  -0.717836E-03
  167.918   513.000  -0.819268E-03
  168.418   513.000  -0.902782E-03
  168.918   513.000  -0.967147E-03
  169.418   513.000  -0.101141E-02
  169.917   513.000  -0.103492E-02
  170.417   513.000  -0.103734E-02
  170.917   513.000  -0.101860E-02
  171.417   513.000  -0.978942E-03
  171.916   513.000  -0.918892E-03
  172.416   513.000  -0.839263E-03
  172.916   513.000  -0.741113E-03
  173.416   513.000  -0.625739E-03
  173.915   513.000  -0.494661E-03
  174.415   513.000  -0.349586E-03
  174.915   513.000  -0.192366E-03
  175.415   513.000  -0.249761E-04
  175.915   513.000   0.150506E-03
  176.414   513.000   0.331944E-03
  176.914   513.000   0.517186E-03
  177.414   513.000   0.704094E-03
  177.914   513.000   0.890567E-03
  178.413   513.000   0.107457E-02
  178.913   513.000   0.125420E-02
  179.413   513.000   0.142767E-02
  179.913   513.000   0.159334E-02
  180.412   513.000   0.174975E-02
  180.912   513.000   0.189566E-02
  181.412   513.000   0.203000E-02
  181.912   513.000   0.215196E-02
  182.411   513.000   0.226093E-02
  182.911   513.000   0.235654E-02
  183.411   513.000   0.243865E-02
  183.911   513.000   0.250732E-02
  184.410   513.000   0.256286E-02
  184.910   513.000   0.260577E-02
  185.410   513.000   0.263673E-02
  185.910   513.000   0.265660E-02
  186.409   513.000   0.266640E-02
  186.909   513.000   0.266727E-02
  187.409   513.000   0.266047E-02
  187.909   513.000   0.264735E-02
  188.408   513.000   0.262928E-02
  188.908   513.000   0.260772E-02
  189.408   513.000   0.258410E-02
  189.908   513.000   0.255987E-02
  190.407   513.000   0.253640E-02
  190.907   513.000   0.251503E-02
  191.407   513.000   0.249701E-02
  191.907   513.000   0.248346E-02
  192.406   513.000   0.247542E-02
  192.906   513.000   0.247377E-02
  193.406   513.000   0.247922E-02
  193.906   513.000   0.249235E-02
  194.405   513.000   0.251354E-02
  194.905   513.000   0.254301E-02
  195.405   513.000   0.258080E-02
  195.905   513.000   0.262673E-02
  196.404   513.000   0.268046E-02
  196.904   513.000   0.274146E-02
  197.404   513.000   0.280901E-02
  197.904   513.000   0.288223E-02
  198.404   513.000   0.296010E-02
  198.903   513.000   0.304141E-02
  199.403   513.000   0.312485E-02
  199.903   513.000   0.320896E-02
  200.403   513.000   0.329218E-02
  200.902   513.000   0.337287E-02
  201.402   513.000   0.344933E-02
  201.902   513.000   0.351979E-02
  202.402   513.000   0.358247E-02
  202.901   513.000   0.363558E-02
  203.401   513.000   0.367736E-02
  203.901   513.000   0.370606E-02
  204.401   513.000   0.372000E-02
  204.900   513.000   0.371760E-02
  205.400   513.000   0.369739E-02
  205.900   513.000   0.365799E-02
  206.400   513.000   0.359821E-02
  206.899   513.000   0.351698E-02
  207.399   513.000   0.341346E-02
  207.899   513.000   0.328696E-02
  208.399   513.000   0.313706E-02
  208.898   513.000   0.296351E-02
  209.398   513.000   0.276634E-02
  209.898   513.000   0.254580E-02
  210.398   513.000   0.230240E-02
  210.897   513.000   0.203688E-02
  211.397   513.000   0.175025E-02
  211.897   513.000   0.144377E-02
  212.397   513.000   0.111892E-02
  212.896   513.000   0.777434E-03
  213.396   513.000   0.421248E-03
  213.896   513.000   0.525035E-04
  214.396   513.000  -0.326471E-03
  214.895   513.000  -0.713188E-03
  215.395   513.000  -0.110502E-02
  215.895   513.000  -0.149923E-02
  216.395   513.000  -0.189299E-02
  216.894   513.000  -0.228343E-02
  217.394   513.000  -0.266765E-02
  217.894   513.000  -0.304275E-02
  218.394   513.000  -0.340589E-02
  218.894   513.000  -0.375429E-02
  219.393   513.000  -0.408529E-02
  219.893   513.000  -0.439635E-02
  220.393   513.000  -0.468514E-02
  220.893   513.000  -0.494947E-02
  221.392   513.000  -0.518742E-02
  221.892   513.000  -0.539731E-02
  222.392   513.000  -0.557771E-02
  222.892   513.000  -0.572751E-02
  223.391   513.000  -0.584587E-02
  223.891   513.000  -0.593228E-02
  224.391   513.000  -0.598654E-02
  224.891   513.000  -0.600877E-02
  225.390   513.000  -0.599943E-02
  225.890   513.000  -0.595926E-02
  226.390   513.000  -0.588932E-02
  226.890   513.000  -0.579095E-02
  227.389   513.000  -0.566574E-02
  227.889   513.000  -0.551556E-02
  228.389   513.000  -0.534249E-02
  228.889   513.000  -0.514878E-02
  229.388   513.000  -0.493689E-02
  229.888   513.000  -0.470935E-02
  230.388   513.000  -0.446884E-02
  230.888   513.000  -0.421807E-02
  231.387   513.000  -0.395980E-02
  231.887   513.000  -0.369677E-02
  232.387   513.000  -0.343168E-02
  232.887   513.000  -0.316716E-02
  233.386   513.000  -0.290574E-02
  233.886   513.000  -0.264982E-02
  234.386   513.000  -0.240162E-02
  234.886   513.000  -0.216319E-02
  235.385   513.000  -0.193639E-02
  235.885   513.000  -0.172286E-02
  236.385   513.000  -0.152398E-02
  236.885   513.000  -0.134092E-02
  237.384   513.000  -0.117460E-02
  237.884   513.000  -0.102567E-02
  238.384   513.000  -0.894558E-03
  238.884   513.000  -0.781441E-03
  239.383   513.000  -0.686271E-03
  239.883   513.000  -0.608778E-03
  240.383   513.000  -0.548492E-03
  240.883   513.000  -0.504755E-03
  241.383   513.000  -0.476747E-03
  241.882   513.000  -0.463497E-03
  242.382   513.000  -0.463915E-03
  242.882   513.000  -0.476810E-03
  243.382   513.000  -0.500918E-03
  243.881   513.000  -0.534924E-03
  244.381   513.000  -0.577483E-03
  244.881   513.000  -0.627248E-03
  245.381   513.000  -0.682883E-03
  245.880   513.000  -0.743093E-03
  246.380   513.000  -0.806637E-03
  246.880   513.000  -0.872344E-03
  247.380   513.000  -0.939132E-03
  247.879   513.000  -0.100601E-02
  248.379   513.000  -0.107211E-02
  248.879   513.000  -0.113666E-02
  249.379   513.000  -0.119902E-02
  249.878   513.000  -0.125867E-02
  250.378   513.000  -0.131521E-02
  250.878   513.000  -0.136838E-02
  251.378   513.000  -0.141801E-02
  251.877   513.000  -0.146408E-02
  252.377   513.000  -0.150663E-02
  252.877   513.000  -0.154584E-02
  253.377   513.000  -0.158195E-02
  253.876   513.000  -0.161529E-02
  254.376   513.000  -0.164626E-02
  254.876   513.000  -0.167530E-02
  255.376   513.000  -0.170291E-02
  255.875   513.000  -0.172960E-02
  256.375   513.000  -0.175592E-02
  256.875   513.000  -0.178239E-02
  257.375   513.000  -0.180956E-02
  257.874   513.000  -0.183795E-02
  258.374   513.000  -0.186806E-02
  258.874   513.000  -0.190033E-02
  259.374   513.000  -0.193517E-02
  259.873   513.000  -0.197294E-02
  260.373   513.000  -0.201395E-02
  260.873   513.000  -0.205843E-02
  261.373   513.000  -0.210654E-02
  261.872   513.000  -0.215836E-02
  262.372   513.000  -0.221391E-02
  262.872   513.000  -0.227310E-02
  263.372   513.000  -0.233581E-02
  263.872   513.000  -0.240181E-02
  264.371   513.000  -0.247079E-02
  264.871   513.000  -0.254236E-02
  265.371   513.000  -0.261608E-02
  265.871   513.000  -0.269142E-02
  266.370   513.000  -0.276778E-02
  266.870   513.000  -0.284453E-02
  267.370   513.000  -0.292095E-02
  267.870   513.000  -0.299628E-02
  268.369   513.000  -0.306973E-02
  268.869   513.000  -0.314046E-02
  269.369   513.000  -0.320762E-02
  269.869   513.000  -0.327033E-02
  270.368   513.000  -0.332771E-02
  270.868   513.000  -0.337887E-02
  271.368   513.000  -0.342293E-02
  271.868   513.000  -0.345905E-02
  272.367   513.000  -0.348641E-02
  272.867   513.000  -0.350421E-02
  273.367   513.000  -0.351173E-02
  273.867   513.000  -0.350829E-02
  274.366   513.000  -0.349330E-02
  274.866   513.000  -0.346622E-02
  275.366   513.000  -0.342663E-02
  275.866   513.000  -0.337418E-02
  276.365   513.000  -0.330863E-02
  276.865   513.000  -0.322985E-02
  277.365   513.000  -0.313783E-02
  277.865   513.000  -0.303266E-02
  278.364   513.000  -0.291457E-02
  278.864   513.000  -0.278390E-02
  279.364   513.000  -0.264112E-02
  279.864   513.000  -0.248681E-02
  280.363   513.000  -0.232168E-02
  280.863   513.000  -0.214654E-02
  281.363   513.000  -0.196234E-02
  281.863   513.000  -0.177010E-02
  282.362   513.000  -0.157095E-02
  282.862   513.000  -0.136610E-02
  283.362   513.000  -0.115684E-02
  283.862   513.000  -0.944527E-03
  284.362   513.000  -0.730556E-03
  284.861   513.000  -0.516374E-03
  285.361   513.000  -0.303450E-03
  285.861   513.000  -0.932651E-04
  286.361   513.000   0.112700E-03
  286.860   513.000   0.312980E-03
  287.360   513.000   0.506137E-03
  287.860   513.000   0.690777E-03
  288.360   513.000   0.865559E-03
  288.859   513.000   0.102921E-02
  289.359   513.000   0.118052E-02
  289.859   513.000   0.131838E-02
  290.359   513.000   0.144178E-02
  290.858   513.000   0.154981E-02
  291.358   513.000   0.164166E-02
  291.858   513.000   0.171663E-02
  292.358   513.000   0.177418E-02
  292.857   513.000   0.181384E-02
  293.357   513.000   0.183531E-02
  293.857   513.000   0.183837E-02
  294.357   513.000   0.182297E-02
  294.856   513.000   0.178915E-02
  295.356   513.000   0.173708E-02
  295.856   513.000   0.166706E-02
  296.356   513.000   0.157948E-02
  296.855   513.000   0.147486E-02
  297.355   513.000   0.135380E-02
  297.855   513.000   0.121700E-02
  298.355   513.000   0.106528E-02
  298.854   513.000   0.899512E-03
  299.354   513.000   0.720655E-03
  299.854   513.000   0.529741E-03
  300.354   513.000   0.327868E-03
  300.853   513.000   0.116189E-03
  301.353   513.000  -0.104090E-03
  301.853   513.000  -0.331721E-03
  302.353   513.000  -0.565419E-03
  302.852   513.000  -0.803866E-03
  303.352   513.000  -0.104572E-02
  303.852   513.000  -0.128961E-02
  304.352   513.000  -0.153418E-02
  304.852   513.000  -0.177804E-02
  305.351   513.000  -0.201982E-02
  305.851   513.000  -0.225816E-02
  306.351   513.000  -0.249169E-02
  306.851   513.000  -0.271909E-02
  307.350   513.000  -0.293906E-02
  307.850   513.000  -0.315032E-02
  308.350   513.000  -0.335166E-02
  308.850   513.000  -0.354191E-02
  309.349   513.000  -0.371993E-02
  309.849   513.000  -0.388470E-02
  310.349   513.000  -0.403521E-02
  310.849   513.000  -0.417058E-02
  311.348   513.000  -0.428999E-02
  311.848   513.000  -0.439270E-02
  312.348   513.000  -0.447810E-02
  312.848   513.000  -0.454565E-02
  313.347   513.000  -0.459494E-02
  313.847   513.000  -0.462565E-02
  314.347   513.000  -0.463761E-02
  314.847   513.000  -0.463072E-02
  315.346   513.000  -0.460502E-02
  315.846   513.000  -0.456068E-02
  316.346   513.000  -0.449798E-02
  316.846   513.000  -0.441730E-02
  317.345   513.000  -0.431915E-02
  317.845   513.000  -0.420416E-02
  318.345   513.000  -0.407303E-02
  318.845   513.000  -0.392659E-02
  319.344   513.000  -0.376576E-02
  319.844   513.000  -0.359153E-02
  320.344   513.000  -0.340500E-02
  320.844   513.000  -0.320731E-02
  321.343   513.000  -0.299969E-02
  321.843   513.000  -0.278338E-02
  322.343   513.000  -0.255971E-02
  322.843   513.000  -0.233003E-02
  323.342   513.000  -0.209573E-02
  323.842   513.000  -0.185818E-02
  324.342   513.000  -0.161881E-02
  324.842   513.000  -0.137902E-02
  325.341   513.000  -0.114020E-02
  325.841   513.000  -0.903765E-03
  326.341   513.000  -0.671067E-03
  326.841   513.000  -0.443456E-03
  327.340   513.000  -0.222252E-03
  327.840   513.000  -0.873427E-05
  328.340   513.000   0.195862E-03
  328.840   513.000   0.390342E-03
  329.340   513.000   0.573556E-03
  329.839   513.000   0.744414E-03
  330.339   513.000   0.901880E-03
  330.839   513.000   0.104498E-02
  331.339   513.000   0.117280E-02
  331.838   513.000   0.128449E-02
  332.338   513.000   0.137928E-02
  332.838   513.000   0.145647E-02
  333.338   513.000   0.151544E-02
  333.837   513.000   0.155566E-02
  334.337   513.000   0.157668E-02
  334.837   513.000   0.157815E-02
  335.337   513.000   0.155983E-02
  335.836   513.000   0.152157E-02
  336.336   513.000   0.146334E-02
  336.836   513.000   0.138523E-02
  337.336   513.000   0.128745E-02
  337.835   513.000   0.117034E-02
  338.335   513.000   0.103436E-02
  338.835   513.000   0.880128E-03
  339.335   513.000   0.708384E-03
  339.834   513.000   0.520014E-03
  340.334   513.000   0.316045E-03
  340.834   513.000   0.976438E-04
  341.334   513.000  -0.133887E-03
  341.833   513.000  -0.377113E-03
  342.333   513.000  -0.630471E-03
  342.833   513.000  -0.892283E-03
  343.333   513.000  -0.116076E-02
  343.832   513.000  -0.143402E-02
  344.332   513.000  -0.171010E-02
  344.832   513.000  -0.198697E-02
  345.332   513.000  -0.226254E-02
  345.831   513.000  -0.253472E-02
  346.331   513.000  -0.280137E-02
  346.831   513.000  -0.306039E-02
  347.331   513.000  -0.330971E-02
  347.830   513.000  -0.354729E-02
  348.330   513.000  -0.377120E-02
  348.830   513.000  -0.397958E-02
  349.330   513.000  -0.417070E-02
  349.829   513.000  -0.434298E-02
  350.329   513.000  -0.449498E-02
  350.829   513.000  -0.462544E-02
  351.329   513.000  -0.473329E-02
  351.829   513.000  -0.481766E-02
  352.328   513.000  -0.487789E-02
  352.828   513.000  -0.491354E-02
  353.328   513.000  -0.492441E-02
  353.828   513.000  -0.491050E-02
  354.327   513.000  -0.487205E-02
  354.827   513.000  -0.480951E-02
  355.327   513.000  -0.472356E-02
  355.827   513.000  -0.461507E-02
  356.326   513.000  -0.448511E-02
  356.826   513.000  -0.433491E-02
  357.326   513.000  -0.416589E-02
  357.826   513.000  -0.397960E-02
  358.325   513.000  -0.377771E-02
  358.825   513.000  -0.356200E-02
  359.325   513.000  -0.333432E-02
  359.825   513.000  -0.309661E-02
  360.324   513.000  -0.285084E-02
  360.824   513.000  -0.259899E-02
  361.324   513.000  -0.234305E-02
  361.824   513.000  -0.208500E-02
  362.323   513.000  -0.182680E-02
  362.823   513.000  -0.157033E-02
  363.323   513.000  -0.131743E-02
  363.823   513.000  -0.106988E-02
  364.322   513.000  -0.829362E-03
  364.822   513.000  -0.597468E-03
  365.322   513.000  -0.375707E-03
  365.822   513.000  -0.165486E-03
  366.321   513.000   0.318875E-04
  366.821   513.000   0.215207E-03
  367.321   513.000   0.383362E-03
  367.821   513.000   0.535341E-03
  368.320   513.000   0.670231E-03
  368.820   513.000   0.787210E-03
  369.320   513.000   0.885545E-03
  369.820   513.000   0.964593E-03
  370.319   513.000   0.102379E-02
  370.819   513.000   0.106268E-02
  371.319   513.000   0.108085E-02
  371.819   513.000   0.107801E-02
  372.319   513.000   0.105393E-02
  372.818   513.000   0.100849E-02
  373.318   513.000   0.941666E-03
  373.818   513.000   0.853512E-03
  374.318   513.000   0.744202E-03
  374.817   513.000   0.614025E-03
  375.317   513.000   0.463391E-03
  375.817   513.000   0.292840E-03
  376.317   513.000   0.103054E-03
  376.816   513.000  -0.105138E-03
  377.316   513.000  -0.330751E-03
  377.816   513.000  -0.572636E-03
  378.316   513.000  -0.829477E-03
  378.815   513.000  -0.109979E-02
  379.315   513.000  -0.138191E-02
  379.815   513.000  -0.167402E-02
  380.315   513.000  -0.197411E-02
  380.814   513.000  -0.228004E-02
  381.314   513.000  -0.258951E-02
  381.814   513.000  -0.290007E-02
  382.314   513.000  -0.320919E-02
  382.813   513.000  -0.351423E-02
  383.313   513.000  -0.381247E-02
  383.813   513.000  -0.410115E-02
  384.313   513.000  -0.437753E-02
  384.812   513.000  -0.463886E-02
  385.312   513.000  -0.488245E-02
  385.812   513.000  -0.510571E-02
  386.312   513.000  -0.530618E-02
  386.811   513.000  -0.548157E-02
  387.311   513.000  -0.562976E-02
  387.811   513.000  -0.574892E-02
  388.311   513.000  -0.583744E-02
  388.810   513.000  -0.589404E-02
  389.310   513.000  -0.591774E-02
  389.810   513.000  -0.590794E-02
  390.310   513.000  -0.586437E-02
  390.809   513.000  -0.578717E-02
  391.309   513.000  -0.567685E-02
  391.809   513.000  -0.553431E-02
  392.309   513.000  -0.536083E-02
  392.809   513.000  -0.515808E-02
  393.308   513.000  -0.492806E-02
  393.808   513.000  -0.467311E-02
  394.308   513.000  -0.439589E-02
  394.808   513.000  -0.409931E-02
  395.307   513.000  -0.378650E-02
  395.807   513.000  -0.346082E-02
  396.307   513.000  -0.312573E-02
  396.807   513.000  -0.278478E-02
  397.306   513.000  -0.244158E-02
  397.806   513.000  -0.209971E-02
  398.306   513.000  -0.176267E-02
  398.806   513.000  -0.143387E-02
  399.305   513.000  -0.111650E-02
  399.805   513.000  -0.813581E-03
  400.305   513.000  -0.527824E-03
  400.805   513.000  -0.261651E-03
  401.304   513.000  -0.171381E-04
  401.804   513.000   0.204013E-03
  402.304   513.000   0.400497E-03
  402.804   513.000   0.571424E-03
  403.303   513.000   0.716331E-03
  403.803   513.000   0.835179E-03
  404.303   513.000   0.928353E-03
  404.803   513.000   0.996650E-03
  405.302   513.000   0.104126E-02
  405.802   513.000   0.106375E-02
  406.302   513.000   0.106600E-02
  406.802   513.000   0.105021E-02
  407.301   513.000   0.101884E-02
  407.801   513.000   0.974543E-03
  408.301   513.000   0.920145E-03
  408.801   513.000   0.858584E-03
  409.300   513.000   0.792851E-03
  409.800   513.000   0.725942E-03
  410.300   513.000   0.660801E-03
  410.800   513.000   0.600274E-03
  411.299   513.000   0.547051E-03
  411.799   513.000   0.503626E-03
  412.299   513.000   0.472250E-03
  412.799   513.000   0.454898E-03
  413.298   513.000   0.453231E-03
  413.798   513.000   0.468571E-03
  414.298   513.000   0.501880E-03
  414.798   513.000   0.553746E-03
  415.298   513.000   0.624373E-03
  415.797   513.000   0.713582E-03
  416.297   513.000   0.820815E-03
  416.797   513.000   0.945146E-03
  417.297   513.000   0.108530E-02
  417.796   513.000   0.123966E-02
  418.296   513.000   0.140633E-02
  418.796   513.000   0.158314E-02
  419.296   513.000   0.176767E-02
  419.795   513.000   0.195733E-02
  420.295   513.000   0.214937E-02
  420.795   513.000   0.234092E-02
  421.295   513.000   0.252906E-02
  421.794   513.000   0.271085E-02
  422.294   513.000   0.288335E-02
  422.794   513.000   0.304371E-02
  423.294   513.000   0.318918E-02
  423.793   513.000   0.331714E-02
  424.293   513.000   0.342515E-02
  424.793   513.000   0.351098E-02
  425.293   513.000   0.357264E-02
  425.792   513.000   0.360839E-02
  426.292   513.000   0.361676E-02
  426.792   513.000   0.359658E-02
  427.292   513.000   0.354697E-02
  427.791   513.000   0.346737E-02
  428.291   513.000   0.335751E-02
  428.791   513.000   0.321742E-02
  429.291   513.000   0.304745E-02
  429.790   513.000   0.284821E-02
  430.290   513.000   0.262059E-02
  430.790   513.000   0.236574E-02
  431.290   513.000   0.208504E-02
  431.789   513.000   0.178008E-02
  432.289   513.000   0.145267E-02
  432.789   513.000   0.110477E-02
  433.289   513.000   0.738497E-03
  433.788   513.000   0.356084E-03
  434.288   513.000  -0.401302E-04
  434.788   513.000  -0.447730E-03
  435.288   513.000  -0.864246E-03
  435.788   513.000  -0.128718E-02
  436.287   513.000  -0.171401E-02
  436.787   513.000  -0.214225E-02
  437.287   513.000  -0.256940E-02
  437.787   513.000  -0.299304E-02
  438.286   513.000  -0.341078E-02
  438.786   513.000  -0.382033E-02
  439.286   513.000  -0.421946E-02
  439.786   513.000  -0.460605E-02
  440.285   513.000  -0.497807E-02
  440.785   513.000  -0.533362E-02
  441.285   513.000  -0.567090E-02
  441.785   513.000  -0.598827E-02
  442.284   513.000  -0.628420E-02
  442.784   513.000  -0.655731E-02
  443.284   513.000  -0.680635E-02
  443.784   513.000  -0.703022E-02
  444.283   513.000  -0.722800E-02
  444.783   513.000  -0.739888E-02
  445.283   513.000  -0.754223E-02
  445.783   513.000  -0.765759E-02
  446.282   513.000  -0.774465E-02
  446.782   513.000  -0.780324E-02
  447.282   513.000  -0.783339E-02
  447.782   513.000  -0.783526E-02
  448.281   513.000  -0.780919E-02
  448.781   513.000  -0.775568E-02
  449.281   513.000  -0.767537E-02
  449.781   513.000  -0.756905E-02
  450.280   513.000  -0.743767E-02
  450.780   513.000  -0.728230E-02
  451.280   513.000  -0.710415E-02
  451.780   513.000  -0.690453E-02
  452.279   513.000  -0.668488E-02
  452.779   513.000  -0.644671E-02
  453.279   513.000  -0.619161E-02
  453.779   513.000  -0.592121E-02
  454.278   513.000  -0.563721E-02
  454.778   513.000  -0.534130E-02
  455.278   513.000  -0.503517E-02
  455.778   513.000  -0.472049E-02
  456.277   513.000  -0.439889E-02
  456.777   513.000  -0.407189E-02
  457.277   513.000  -0.374096E-02
  457.777   513.000  -0.340741E-02
  458.276   513.000  -0.307244E-02
  458.776   513.000  -0.273709E-02
  459.276   513.000  -0.240220E-02
  459.776   513.000  -0.206842E-02
  460.276   513.000  -0.173623E-02
  460.775   513.000  -0.140584E-02
  461.275   513.000  -0.107728E-02
  461.775   513.000  -0.750330E-03
  462.275   513.000  -0.424558E-03
  462.774   513.000  -0.993180E-04
  463.274   513.000   0.226246E-03
  463.774   513.000   0.553174E-03
  464.274   513.000   0.882673E-03
  464.773   513.000   0.121609E-02
  465.273   513.000   0.155489E-02
  465.773   513.000   0.190059E-02
  466.273   513.000   0.225477E-02
  466.772   513.000   0.261900E-02
  467.272   513.000   0.299477E-02
  467.772   513.000   0.338351E-02
  468.272   513.000   0.378647E-02
  468.771   513.000   0.420472E-02
  469.271   513.000   0.463907E-02
  469.771   513.000   0.509004E-02
  470.271   513.000   0.555781E-02
  470.770   513.000   0.604218E-02
  471.270   513.000   0.654250E-02
  471.770   513.000   0.705769E-02
  472.270   513.000   0.758618E-02
  472.769   513.000   0.812590E-02
  473.269   513.000   0.867426E-02
  473.769   513.000   0.922818E-02
  474.269   513.000   0.978405E-02
  474.768   513.000   0.103378E-01
  475.268   513.000   0.108848E-01
  475.768   513.000   0.114202E-01
  476.268   513.000   0.119387E-01
  476.767   513.000   0.124346E-01
  477.267   513.000   0.129021E-01
  477.767   513.000   0.133353E-01
  478.267   513.000   0.137281E-01
  478.766   513.000   0.140746E-01
  479.266   513.000   0.143690E-01
  479.766   513.000   0.146058E-01
  480.266   513.000   0.147800E-01
  480.766   513.000   0.148870E-01
  481.265   513.000   0.149230E-01
  481.765   513.000   0.148849E-01
  482.265   513.000   0.147705E-01
  482.765   513.000   0.145787E-01
  483.264   513.000   0.143094E-01
  483.764   513.000   0.139640E-01
  484.264   513.000   0.135448E-01
  484.764   513.000   0.130560E-01
  485.263   513.000   0.125027E-01
  485.763   513.000   0.118920E-01
  486.263   513.000   0.112320E-01
  486.763   513.000   0.105328E-01
  487.262   513.000   0.980558E-02
  487.762   513.000   0.906309E-02
  488.262   513.000   0.831941E-02
  488.762   513.000   0.758985E-02
  489.261   513.000   0.689086E-02
  489.761   513.000   0.623984E-02
  490.261   513.000   0.565500E-02
  490.761   513.000   0.515518E-02
  491.260   513.000   0.475962E-02
  491.760   513.000   0.448773E-02
  492.260   513.000   0.435886E-02
  492.760   513.000   0.439206E-02
  493.259   513.000   0.460577E-02
  493.759   513.000   0.501763E-02
  494.259   513.000   0.564413E-02
  494.759   513.000   0.650040E-02
  495.258   513.000   0.759991E-02
  495.758   513.000   0.895427E-02
  496.258   513.000   0.105729E-01
  496.758   513.000   0.124630E-01
  497.257   513.000   0.146290E-01
  497.757   513.000   0.170729E-01
  498.257   513.000   0.197936E-01
  498.757   513.000   0.227871E-01
  499.256   513.000   0.260465E-01
  499.756   513.000   0.295615E-01
  500.256   513.000   0.333189E-01
  500.756   513.000   0.373025E-01
  501.255   513.000   0.414930E-01
  501.755   513.000   0.458682E-01
  502.255   513.000   0.504033E-01
  502.755   513.000   0.550710E-01
  503.255   513.000   0.598414E-01
  503.754   513.000   0.646829E-01
  504.254   513.000   0.695620E-01
  504.754   513.000   0.744440E-01
  505.254   513.000   0.792928E-01
  505.753   513.000   0.840719E-01
  506.253   513.000   0.887444E-01
  506.753   513.000   0.932733E-01
  507.253   513.000   0.976224E-01
  507.752   513.000   0.101756
  508.252   513.000   0.105640
  508.752   513.000   0.109243
  509.252   513.000   0.112533
  509.751   513.000   0.115482
  510.251   513.000   0.118065
  510.751   513.000   0.120260
  511.251   513.000   0.122048
  511.750   513.000   0.123414
  512.250   513.000   0.124344
  512.750   513.000   0.124832
  513.250   513.000   0.124873
  513.749   513.000   0.124466
  514.249   513.000   0.123617
  514.749   513.000   0.122332
  515.249   513.000   0.120624
  515.748   513.000   0.118506
  516.248   513.000   0.115999
  516.748   513.000   0.113124
  517.248   513.000   0.109906
  517.747   513.000   0.106373
  518.247   513.000   0.102555
  518.747   513.000   0.984854E-01
  519.247   513.000   0.941968E-01
  519.746   513.000   0.897250E-01
  520.246   513.000   0.851060E-01
  520.746   513.000   0.803766E-01
  521.246   513.000   0.755736E-01
  521.745   513.000   0.707334E-01
  522.245   513.000   0.658918E-01
  522.745   513.000   0.610836E-01
  523.245   513.000   0.563422E-01
  523.745   513.000   0.516992E-01
  524.244   513.000   0.471843E-01
  524.744   513.000   0.428249E-01
  525.244   513.000   0.386458E-01
  525.744   513.000   0.346692E-01
  526.243   513.000   0.309145E-01
  526.743   513.000   0.273979E-01
  527.243   513.000   0.241329E-01
  527.743   513.000   0.211296E-01
  528.242   513.000   0.183952E-01
  528.742   513.000   0.159339E-01
  529.242   513.000   0.137467E-01
  529.742   513.000   0.118321E-01
  530.241   513.000   0.101857E-01
  530.741   513.000   0.880046E-02
  531.241   513.000   0.766724E-02
  531.741   513.000   0.677464E-02
  532.240   513.000   0.610942E-02
  532.740   513.000   0.565671E-02
  533.240   513.000   0.540025E-02
  533.740   513.000   0.532266E-02
  534.239   513.000   0.540576E-02
  534.739   513.000   0.563077E-02
  535.239   513.000   0.597857E-02
  535.739   513.000   0.643003E-02
  536.238   513.000   0.696616E-02
  536.738   513.000   0.756836E-02
  537.238   513.000   0.821868E-02
  537.738   513.000   0.889993E-02
  538.237   513.000   0.959591E-02
  538.737   513.000   0.102915E-01
  539.237   513.000   0.109728E-01
  539.737   513.000   0.116274E-01
  540.236   513.000   0.122440E-01
  540.736   513.000   0.128129E-01
  541.236   513.000   0.133260E-01
  541.736   513.000   0.137766E-01
  542.235   513.000   0.141592E-01
  542.735   513.000   0.144702E-01
  543.235   513.000   0.147071E-01
  543.735   513.000   0.148686E-01
  544.234   513.000   0.149548E-01
  544.734   513.000   0.149669E-01
  545.234   513.000   0.149071E-01
  545.734   513.000   0.147784E-01
  546.234   513.000   0.145847E-01
  546.733   513.000   0.143305E-01
  547.233   513.000   0.140208E-01
  547.733   513.000   0.136611E-01
  548.233   513.000   0.132570E-01
  548.732   513.000   0.128144E-01
  549.232   513.000   0.123393E-01
  549.732   513.000   0.118376E-01
  550.232   513.000   0.113150E-01
  550.731   513.000   0.107771E-01
  551.231   513.000   0.102291E-01
  551.731   513.000   0.967585E-02
  552.231   513.000   0.912184E-02
  552.730   513.000   0.857108E-02
  553.230   513.000   0.802709E-02
  553.730   513.000   0.749290E-02
  554.230   513.000   0.697101E-02
  554.729   513.000   0.646344E-02
  555.229   513.000   0.597169E-02
  555.729   513.000   0.549676E-02
  556.229   513.000   0.503924E-02
  556.728   513.000   0.459925E-02
  557.228   513.000   0.417655E-02
  557.728   513.000   0.377056E-02
  558.228   513.000   0.338038E-02
  558.727   513.000   0.300487E-02
  559.227   513.000   0.264268E-02
  559.727   513.000   0.229232E-02
  560.227   513.000   0.195218E-02
  560.726   513.000   0.162060E-02
  561.226   513.000   0.129592E-02
  561.726   513.000   0.976486E-03
  562.226   513.000   0.660729E-03
  562.725   513.000   0.347184E-03
  563.225   513.000   0.345216E-04
  563.725   513.000  -0.278425E-03
  564.225   513.000  -0.592633E-03
  564.724   513.000  -0.908878E-03
  565.224   513.000  -0.122772E-02
  565.724   513.000  -0.154948E-02
  566.224   513.000  -0.187427E-02
  566.724   513.000  -0.220197E-02
  567.223   513.000  -0.253220E-02
  567.723   513.000  -0.286441E-02
  568.223   513.000  -0.319782E-02
  568.723   513.000  -0.353145E-02
  569.222   513.000  -0.386415E-02
  569.722   513.000  -0.419463E-02
  570.222   513.000  -0.452143E-02
  570.722   513.000  -0.484300E-02
  571.221   513.000  -0.515769E-02
  571.721   513.000  -0.546376E-02
  572.221   513.000  -0.575946E-02
  572.721   513.000  -0.604297E-02
  573.220   513.000  -0.631251E-02
  573.720   513.000  -0.656628E-02
  574.220   513.000  -0.680254E-02
  574.720   513.000  -0.701961E-02
  575.219   513.000  -0.721587E-02
  575.719   513.000  -0.738981E-02
  576.219   513.000  -0.754003E-02
  576.719   513.000  -0.766523E-02
  577.218   513.000  -0.776427E-02
  577.718   513.000  -0.783613E-02
  578.218   513.000  -0.787997E-02
  578.718   513.000  -0.789509E-02
  579.217   513.000  -0.788098E-02
  579.717   513.000  -0.783729E-02
  580.217   513.000  -0.776384E-02
  580.717   513.000  -0.766065E-02
  581.216   513.000  -0.752791E-02
  581.716   513.000  -0.736601E-02
  582.216   513.000  -0.717549E-02
  582.716   513.000  -0.695711E-02
  583.215   513.000  -0.671179E-02
  583.715   513.000  -0.644062E-02
  584.215   513.000  -0.614488E-02
  584.715   513.000  -0.582601E-02
  585.214   513.000  -0.548561E-02
  585.714   513.000  -0.512545E-02
  586.214   513.000  -0.474742E-02
  586.714   513.000  -0.435358E-02
  587.214   513.000  -0.394610E-02
  587.713   513.000  -0.352727E-02
  588.213   513.000  -0.309949E-02
  588.713   513.000  -0.266523E-02
  589.213   513.000  -0.222705E-02
  589.712   513.000  -0.178757E-02
  590.212   513.000  -0.134944E-02
  590.712   513.000  -0.915334E-03
  591.212   513.000  -0.487911E-03
  591.711   513.000  -0.698177E-04
  592.211   513.000   0.336352E-03
  592.711   513.000   0.728075E-03
  593.211   513.000   0.110292E-02
  593.710   513.000   0.145859E-02
  594.210   513.000   0.179292E-02
  594.710   513.000   0.210392E-02
  595.210   513.000   0.238980E-02
  595.709   513.000   0.264896E-02
  596.209   513.000   0.288007E-02
  596.709   513.000   0.308204E-02
  597.209   513.000   0.325404E-02
  597.708   513.000   0.339556E-02
  598.208   513.000   0.350634E-02
  598.708   513.000   0.358648E-02
  599.208   513.000   0.363635E-02
  599.707   513.000   0.365663E-02
  600.207   513.000   0.364834E-02
  600.707   513.000   0.361276E-02
  601.207   513.000   0.355147E-02
  601.706   513.000   0.346633E-02
  602.206   513.000   0.335942E-02
  602.706   513.000   0.323307E-02
  603.206   513.000   0.308979E-02
  603.705   513.000   0.293224E-02
  604.205   513.000   0.276322E-02
  604.705   513.000   0.258562E-02
  605.205   513.000   0.240236E-02
  605.704   513.000   0.221636E-02
  606.204   513.000   0.203053E-02
  606.704   513.000   0.184767E-02
  607.204   513.000   0.167046E-02
  607.703   513.000   0.150141E-02
  608.203   513.000   0.134283E-02
  608.703   513.000   0.119678E-02
  609.203   513.000   0.106504E-02
  609.703   513.000   0.949094E-03
  610.202   513.000   0.850074E-03
  610.702   513.000   0.768770E-03
  611.202   513.000   0.705601E-03
  611.702   513.000   0.660608E-03
  612.201   513.000   0.633455E-03
  612.701   513.000   0.623431E-03
  613.201   513.000   0.629459E-03
  613.701   513.000   0.650114E-03
  614.200   513.000   0.683650E-03
  614.700   513.000   0.728021E-03
  615.200   513.000   0.780919E-03
  615.700   513.000   0.839813E-03
  616.199   513.000   0.901993E-03
  616.699   513.000   0.964619E-03
  617.199   513.000   0.102477E-02
  617.699   513.000   0.107948E-02
  618.198   513.000   0.112582E-02
  618.698   513.000   0.116094E-02
  619.198   513.000   0.118209E-02
  619.698   513.000   0.118673E-02
  620.197   513.000   0.117252E-02
  620.697   513.000   0.113740E-02
  621.197   513.000   0.107961E-02
  621.697   513.000   0.997748E-03
  622.196   513.000   0.890770E-03
  622.696   513.000   0.758033E-03
  623.196   513.000   0.599308E-03
  623.696   513.000   0.414781E-03
  624.195   513.000   0.205064E-03
  624.695   513.000  -0.288162E-04
  625.195   513.000  -0.285423E-03
  625.695   513.000  -0.562936E-03
  626.194   513.000  -0.859173E-03
  626.694   513.000  -0.117162E-02
  627.194   513.000  -0.149748E-02
  627.694   513.000  -0.183370E-02
  628.193   513.000  -0.217701E-02
  628.693   513.000  -0.252400E-02
  629.193   513.000  -0.287115E-02
  629.693   513.000  -0.321489E-02
  630.193   513.000  -0.355165E-02
  630.692   513.000  -0.387790E-02
  631.192   513.000  -0.419023E-02
  631.692   513.000  -0.448539E-02
  632.192   513.000  -0.476031E-02
  632.691   513.000  -0.501218E-02
  633.191   513.000  -0.523844E-02
  633.691   513.000  -0.543687E-02
  634.191   513.000  -0.560557E-02
  634.690   513.000  -0.574303E-02
  635.190   513.000  -0.584806E-02
  635.690   513.000  -0.591989E-02
  636.190   513.000  -0.595813E-02
  636.689   513.000  -0.596277E-02
  637.189   513.000  -0.593417E-02
  637.689   513.000  -0.587303E-02
  638.189   513.000  -0.578043E-02
  638.688   513.000  -0.565772E-02
  639.188   513.000  -0.550656E-02
  639.688   513.000  -0.532887E-02
  640.188   513.000  -0.512677E-02
  640.687   513.000  -0.490258E-02
  641.187   513.000  -0.465880E-02
  641.687   513.000  -0.439795E-02
  642.187   513.000  -0.412272E-02
  642.686   513.000  -0.383580E-02
  643.186   513.000  -0.353990E-02
  643.686   513.000  -0.323772E-02
  644.186   513.000  -0.293186E-02
  644.685   513.000  -0.262489E-02
  645.185   513.000  -0.231925E-02
  645.685   513.000  -0.201727E-02
  646.185   513.000  -0.172114E-02
  646.684   513.000  -0.143289E-02
  647.184   513.000  -0.115442E-02
  647.684   513.000  -0.887437E-03
  648.184   513.000  -0.633492E-03
  648.683   513.000  -0.393974E-03
  649.183   513.000  -0.170105E-03
  649.683   513.000   0.370462E-04
  650.183   513.000   0.226566E-03
  650.682   513.000   0.397682E-03
  651.182   513.000   0.549750E-03
  651.682   513.000   0.682252E-03
  652.182   513.000   0.794787E-03
  652.681   513.000   0.887055E-03
  653.181   513.000   0.958857E-03
  653.681   513.000   0.101008E-02
  654.181   513.000   0.104069E-02
  654.680   513.000   0.105073E-02
  655.180   513.000   0.104034E-02
  655.680   513.000   0.100970E-02
  656.180   513.000   0.959089E-03
  656.680   513.000   0.888844E-03
  657.179   513.000   0.799388E-03
  657.679   513.000   0.691220E-03
  658.179   513.000   0.564925E-03
  658.679   513.000   0.421180E-03
  659.178   513.000   0.260755E-03
  659.678   513.000   0.845219E-04
  660.178   513.000  -0.106543E-03
  660.678   513.000  -0.311352E-03
  661.177   513.000  -0.528707E-03
  661.677   513.000  -0.757292E-03
  662.177   513.000  -0.995681E-03
  662.677   513.000  -0.124234E-02
  663.176   513.000  -0.149561E-02
  663.676   513.000  -0.175374E-02
  664.176   513.000  -0.201491E-02
  664.676   513.000  -0.227718E-02
  665.175   513.000  -0.253857E-02
  665.675   513.000  -0.279703E-02
  666.175   513.000  -0.305048E-02
  666.675   513.000  -0.329685E-02
  667.174   513.000  -0.353403E-02
  667.674   513.000  -0.375997E-02
  668.174   513.000  -0.397266E-02
  668.674   513.000  -0.417018E-02
  669.173   513.000  -0.435069E-02
  669.673   513.000  -0.451247E-02
  670.173   513.000  -0.465395E-02
  670.673   513.000  -0.477374E-02
  671.172   513.000  -0.487059E-02
  671.672   513.000  -0.494350E-02
  672.172   513.000  -0.499164E-02
  672.672   513.000  -0.501444E-02
  673.171   513.000  -0.501155E-02
  673.671   513.000  -0.498286E-02
  674.171   513.000  -0.492850E-02
  674.671   513.000  -0.484887E-02
  675.170   513.000  -0.474458E-02
  675.670   513.000  -0.461649E-02
  676.170   513.000  -0.446567E-02
  676.670   513.000  -0.429340E-02
  677.169   513.000  -0.410118E-02
  677.669   513.000  -0.389064E-02
  678.169   513.000  -0.366361E-02
  678.669   513.000  -0.342203E-02
  679.169   513.000  -0.316796E-02
  679.668   513.000  -0.290353E-02
  680.168   513.000  -0.263095E-02
  680.668   513.000  -0.235245E-02
  681.168   513.000  -0.207030E-02
  681.667   513.000  -0.178674E-02
  682.167   513.000  -0.150398E-02
  682.667   513.000  -0.122417E-02
  683.167   513.000  -0.949388E-03
  683.666   513.000  -0.681629E-03
  684.166   513.000  -0.422769E-03
  684.666   513.000  -0.174564E-03
  685.166   513.000   0.613602E-04
  685.665   513.000   0.283524E-03
  686.165   513.000   0.490596E-03
  686.665   513.000   0.681400E-03
  687.165   513.000   0.854918E-03
  687.664   513.000   0.101029E-02
  688.164   513.000   0.114681E-02
  688.664   513.000   0.126393E-02
  689.164   513.000   0.136125E-02
  689.663   513.000   0.143851E-02
  690.163   513.000   0.149560E-02
  690.663   513.000   0.153253E-02
  691.163   513.000   0.154943E-02
  691.662   513.000   0.154654E-02
  692.162   513.000   0.152424E-02
  692.662   513.000   0.148296E-02
  693.162   513.000   0.142326E-02
  693.661   513.000   0.134576E-02
  694.161   513.000   0.125115E-02
  694.661   513.000   0.114022E-02
  695.161   513.000   0.101379E-02
  695.660   513.000   0.872755E-03
  696.160   513.000   0.718053E-03
  696.660   513.000   0.550670E-03
  697.160   513.000   0.371640E-03
  697.659   513.000   0.182035E-03
  698.159   513.000  -0.170382E-04
  698.659   513.000  -0.224441E-03
  699.159   513.000  -0.439005E-03
  699.659   513.000  -0.659533E-03
  700.158   513.000  -0.884801E-03
  700.658   513.000  -0.111357E-02
  701.158   513.000  -0.134458E-02
  701.658   513.000  -0.157656E-02
  702.157   513.000  -0.180825E-02
  702.657   513.000  -0.203834E-02
  703.157   513.000  -0.226556E-02
  703.657   513.000  -0.248864E-02
  704.156   513.000  -0.270631E-02
  704.656   513.000  -0.291734E-02
  705.156   513.000  -0.312051E-02
  705.656   513.000  -0.331464E-02
  706.155   513.000  -0.349859E-02
  706.655   513.000  -0.367126E-02
  707.155   513.000  -0.383164E-02
  707.655   513.000  -0.397874E-02
  708.154   513.000  -0.411166E-02
  708.654   513.000  -0.422957E-02
  709.154   513.000  -0.433174E-02
  709.654   513.000  -0.441751E-02
  710.153   513.000  -0.448632E-02
  710.653   513.000  -0.453772E-02
  711.153   513.000  -0.457133E-02
  711.653   513.000  -0.458692E-02
  712.152   513.000  -0.458433E-02
  712.652   513.000  -0.456353E-02
  713.152   513.000  -0.452459E-02
  713.652   513.000  -0.446768E-02
  714.151   513.000  -0.439309E-02
  714.651   513.000  -0.430122E-02
  715.151   513.000  -0.419255E-02
  715.651   513.000  -0.406768E-02
  716.150   513.000  -0.392729E-02
  716.650   513.000  -0.377216E-02
  717.150   513.000  -0.360316E-02
  717.650   513.000  -0.342123E-02
  718.149   513.000  -0.322737E-02
  718.649   513.000  -0.302269E-02
  719.149   513.000  -0.280831E-02
  719.649   513.000  -0.258546E-02
  720.148   513.000  -0.235536E-02
  720.648   513.000  -0.211933E-02
  721.148   513.000  -0.187868E-02
  721.648   513.000  -0.163478E-02
  722.148   513.000  -0.138900E-02
  722.647   513.000  -0.114274E-02
  723.147   513.000  -0.897395E-03
  723.647   513.000  -0.654373E-03
  724.147   513.000  -0.415067E-03
  724.646   513.000  -0.180858E-03
  725.146   513.000   0.468916E-04
  725.646   513.000   0.266853E-03
  726.146   513.000   0.477731E-03
  726.645   513.000   0.678277E-03
  727.145   513.000   0.867294E-03
  727.645   513.000   0.104365E-02
  728.145   513.000   0.120626E-02
  728.644   513.000   0.135415E-02
  729.144   513.000   0.148640E-02
  729.644   513.000   0.160221E-02
  730.144   513.000   0.170084E-02
  730.643   513.000   0.178169E-02
  731.143   513.000   0.184426E-02
  731.643   513.000   0.188816E-02
  732.143   513.000   0.191314E-02
  732.642   513.000   0.191906E-02
  733.142   513.000   0.190592E-02
  733.642   513.000   0.187385E-02
  734.142   513.000   0.182310E-02
  734.641   513.000   0.175407E-02
  735.141   513.000   0.166730E-02
  735.641   513.000   0.156344E-02
  736.141   513.000   0.144327E-02
  736.640   513.000   0.130769E-02
  737.140   513.000   0.115771E-02
  737.640   513.000   0.994467E-03
  738.140   513.000   0.819159E-03
  738.639   513.000   0.633087E-03
  739.139   513.000   0.437630E-03
  739.639   513.000   0.234225E-03
  740.139   513.000   0.243527E-04
  740.638   513.000  -0.190471E-03
  741.138   513.000  -0.408704E-03
  741.638   513.000  -0.628800E-03
  742.138   513.000  -0.849226E-03
  742.638   513.000  -0.106847E-02
  743.137   513.000  -0.128505E-02
  743.637   513.000  -0.149754E-02
  744.137   513.000  -0.170459E-02
  744.637   513.000  -0.190490E-02
  745.136   513.000  -0.209728E-02
  745.636   513.000  -0.228061E-02
  746.136   513.000  -0.245391E-02
  746.636   513.000  -0.261629E-02
  747.135   513.000  -0.276697E-02
  747.635   513.000  -0.290531E-02
  748.135   513.000  -0.303079E-02
  748.635   513.000  -0.314303E-02
  749.134   513.000  -0.324176E-02
  749.634   513.000  -0.332683E-02
  750.134   513.000  -0.339823E-02
  750.634   513.000  -0.345607E-02
  751.133   513.000  -0.350056E-02
  751.633   513.000  -0.353203E-02
  752.133   513.000  -0.355090E-02
  752.633   513.000  -0.355769E-02
  753.132   513.000  -0.355300E-02
  753.632   513.000  -0.353751E-02
  754.132   513.000  -0.351194E-02
  754.632   513.000  -0.347711E-02
  755.131   513.000  -0.343383E-02
  755.631   513.000  -0.338299E-02
  756.131   513.000  -0.332547E-02
  756.631   513.000  -0.326219E-02
  757.130   513.000  -0.319404E-02
  757.630   513.000  -0.312195E-02
  758.130   513.000  -0.304678E-02
  758.630   513.000  -0.296940E-02
  759.129   513.000  -0.289064E-02
  759.629   513.000  -0.281129E-02
  760.129   513.000  -0.273210E-02
  760.629   513.000  -0.265375E-02
  761.128   513.000  -0.257686E-02
  761.628   513.000  -0.250199E-02
  762.128   513.000  -0.242966E-02
  762.628   513.000  -0.236026E-02
  763.128   513.000  -0.229414E-02
  763.627   513.000  -0.223157E-02
  764.127   513.000  -0.217274E-02
  764.627   513.000  -0.211775E-02
  765.127   513.000  -0.206664E-02
  765.626   513.000  -0.201934E-02
  766.126   513.000  -0.197574E-02
  766.626   513.000  -0.193564E-02
  767.126   513.000  -0.189877E-02
  767.625   513.000  -0.186479E-02
  768.125   513.000  -0.183334E-02
  768.625   513.000  -0.180398E-02
  769.125   513.000  -0.177622E-02
  769.624   513.000  -0.174954E-02
  770.124   513.000  -0.172344E-02
  770.624   513.000  -0.169737E-02
  771.124   513.000  -0.167077E-02
  771.623   513.000  -0.164310E-02
  772.123   513.000  -0.161386E-02
  772.623   513.000  -0.158256E-02
  773.123   513.000  -0.154877E-02
  773.622   513.000  -0.151212E-02
  774.122   513.000  -0.147231E-02
  774.622   513.000  -0.142910E-02
  775.122   513.000  -0.138235E-02
  775.621   513.000  -0.133205E-02
  776.121   513.000  -0.127827E-02
  776.621   513.000  -0.122120E-02
  777.121   513.000  -0.116115E-02
  777.620   513.000  -0.109856E-02
  778.120   513.000  -0.103397E-02
  778.620   513.000  -0.968087E-03
  779.120   513.000  -0.901700E-03
  779.619   513.000  -0.835726E-03
  780.119   513.000  -0.771186E-03
  780.619   513.000  -0.709196E-03
  781.119   513.000  -0.650953E-03
  781.618   513.000  -0.597723E-03
  782.118   513.000  -0.550822E-03
  782.618   513.000  -0.511596E-03
  783.118   513.000  -0.481405E-03
  783.617   513.000  -0.461593E-03
  784.117   513.000  -0.453470E-03
  784.617   513.000  -0.458287E-03
  785.117   513.000  -0.477220E-03
  785.617   513.000  -0.511337E-03
  786.116   513.000  -0.561572E-03
  786.616   513.000  -0.628709E-03
  787.116   513.000  -0.713360E-03
  787.616   513.000  -0.815947E-03
  788.115   513.000  -0.936683E-03
  788.615   513.000  -0.107556E-02
  789.115   513.000  -0.123232E-02
  789.615   513.000  -0.140649E-02
  790.114   513.000  -0.159731E-02
  790.614   513.000  -0.180381E-02
  791.114   513.000  -0.202475E-02
  791.614   513.000  -0.225866E-02
  792.113   513.000  -0.250382E-02
  792.613   513.000  -0.275832E-02
  793.113   513.000  -0.302002E-02
  793.613   513.000  -0.328662E-02
  794.112   513.000  -0.355566E-02
  794.612   513.000  -0.382456E-02
  795.112   513.000  -0.409062E-02
  795.612   513.000  -0.435111E-02
  796.111   513.000  -0.460322E-02
  796.611   513.000  -0.484418E-02
  797.111   513.000  -0.507124E-02
  797.611   513.000  -0.528171E-02
  798.110   513.000  -0.547303E-02
  798.610   513.000  -0.564276E-02
  799.110   513.000  -0.578863E-02
  799.610   513.000  -0.590860E-02
  800.109   513.000  -0.600082E-02
  800.609   513.000  -0.606372E-02
  801.109   513.000  -0.609599E-02
  801.609   513.000  -0.609665E-02
  802.108   513.000  -0.606497E-02
  802.608   513.000  -0.600060E-02
  803.108   513.000  -0.590346E-02
  803.608   513.000  -0.577384E-02
  804.107   513.000  -0.561232E-02
  804.607   513.000  -0.541983E-02
  805.107   513.000  -0.519757E-02
  805.607   513.000  -0.494706E-02
  806.107   513.000  -0.467008E-02
  806.606   513.000  -0.436866E-02
  807.106   513.000  -0.404506E-02
  807.606   513.000  -0.370175E-02
  808.106   513.000  -0.334135E-02
  808.605   513.000  -0.296663E-02
  809.105   513.000  -0.258046E-02
  809.605   513.000  -0.218578E-02
  810.105   513.000  -0.178560E-02
  810.604   513.000  -0.138289E-02
  811.104   513.000  -0.980626E-03
  811.604   513.000  -0.581699E-03
  812.104   513.000  -0.188930E-03
  812.603   513.000   0.194986E-03
  813.103   513.000   0.567505E-03
  813.603   513.000   0.926251E-03
  814.103   513.000   0.126904E-02
  814.602   513.000   0.159389E-02
  815.102   513.000   0.189907E-02
  815.602   513.000   0.218308E-02
  816.102   513.000   0.244467E-02
  816.601   513.000   0.268285E-02
  817.101   513.000   0.289690E-02
  817.601   513.000   0.308635E-02
  818.101   513.000   0.325099E-02
  818.600   513.000   0.339089E-02
  819.100   513.000   0.350634E-02
  819.600   513.000   0.359790E-02
  820.100   513.000   0.366632E-02
  820.599   513.000   0.371258E-02
  821.099   513.000   0.373785E-02
  821.599   513.000   0.374347E-02
  822.099   513.000   0.373093E-02
  822.598   513.000   0.370187E-02
  823.098   513.000   0.365801E-02
  823.598   513.000   0.360119E-02
  824.098   513.000   0.353329E-02
  824.597   513.000   0.345621E-02
  825.097   513.000   0.337191E-02
  825.597   513.000   0.328229E-02
  826.097   513.000   0.318926E-02
  826.596   513.000   0.309462E-02
  827.096   513.000   0.300016E-02
  827.596   513.000   0.290751E-02
  828.096   513.000   0.281821E-02
  828.596   513.000   0.273364E-02
  829.095   513.000   0.265505E-02
  829.595   513.000   0.258352E-02
  830.095   513.000   0.251993E-02
  830.595   513.000   0.246499E-02
  831.094   513.000   0.241920E-02
  831.594   513.000   0.238287E-02
  832.094   513.000   0.235609E-02
  832.594   513.000   0.233877E-02
  833.093   513.000   0.233059E-02
  833.593   513.000   0.233105E-02
  834.093   513.000   0.233947E-02
  834.593   513.000   0.235499E-02
  835.092   513.000   0.237658E-02
  835.592   513.000   0.240309E-02
  836.092   513.000   0.243322E-02
  836.592   513.000   0.246558E-02
  837.091   513.000   0.249868E-02
  837.591   513.000   0.253100E-02
  838.091   513.000   0.256096E-02
  838.591   513.000   0.258702E-02
  839.090   513.000   0.260760E-02
  839.590   513.000   0.262122E-02
  840.090   513.000   0.262645E-02
  840.590   513.000   0.262197E-02
  841.089   513.000   0.260660E-02
  841.589   513.000   0.257929E-02
  842.089   513.000   0.253917E-02
  842.589   513.000   0.248558E-02
  843.088   513.000   0.241806E-02
  843.588   513.000   0.233636E-02
  844.088   513.000   0.224049E-02
  844.588   513.000   0.213067E-02
  845.087   513.000   0.200738E-02
  845.587   513.000   0.187135E-02
  846.087   513.000   0.172353E-02
  846.587   513.000   0.156511E-02
  847.086   513.000   0.139749E-02
  847.586   513.000   0.122226E-02
  848.086   513.000   0.104120E-02
  848.586   513.000   0.856225E-03
  849.086   513.000   0.669385E-03
  849.585   513.000   0.482829E-03
  850.085   513.000   0.298753E-03
  850.585   513.000   0.119384E-03
  851.085   513.000  -0.530505E-04
  851.584   513.000  -0.216366E-03
  852.084   513.000  -0.368466E-03
  852.584   513.000  -0.507364E-03
  853.084   513.000  -0.631221E-03
  853.583   513.000  -0.738377E-03
  854.083   513.000  -0.827389E-03
  854.583   513.000  -0.897046E-03
  855.083   513.000  -0.946384E-03
  855.582   513.000  -0.974724E-03
  856.082   513.000  -0.981696E-03
  856.582   513.000  -0.967230E-03
  857.082   513.000  -0.931546E-03
  857.581   513.000  -0.875176E-03
  858.081   513.000  -0.798972E-03
  858.581   513.000  -0.704076E-03
  859.081   513.000  -0.591894E-03
  859.580   513.000  -0.464094E-03
  860.080   513.000  -0.322595E-03
  860.580   513.000  -0.169519E-03
  861.080   513.000  -0.715240E-05
  861.579   513.000   0.162079E-03
  862.079   513.000   0.335631E-03
  862.579   513.000   0.510899E-03
  863.079   513.000   0.685268E-03
  863.578   513.000   0.856139E-03
  864.078   513.000   0.102096E-02
  864.578   513.000   0.117728E-02
  865.078   513.000   0.132279E-02
  865.577   513.000   0.145535E-02
  866.077   513.000   0.157304E-02
  866.577   513.000   0.167416E-02
  867.077   513.000   0.175726E-02
  867.576   513.000   0.182118E-02
  868.076   513.000   0.186508E-02
  868.576   513.000   0.188843E-02
  869.076   513.000   0.189098E-02
  869.576   513.000   0.187283E-02
  870.075   513.000   0.183438E-02
  870.575   513.000   0.177635E-02
  871.075   513.000   0.169974E-02
  871.575   513.000   0.160580E-02
  872.074   513.000   0.149606E-02
  872.574   513.000   0.137223E-02
  873.074   513.000   0.123624E-02
  873.574   513.000   0.109018E-02
  874.073   513.000   0.936205E-03
  874.573   513.000   0.776586E-03
  875.073   513.000   0.613627E-03
  875.573   513.000   0.449633E-03
  876.072   513.000   0.286860E-03
  876.572   513.000   0.127483E-03
  877.072   513.000  -0.264389E-04
  877.572   513.000  -0.172999E-03
  878.071   513.000  -0.310461E-03
  878.571   513.000  -0.437303E-03
  879.071   513.000  -0.552242E-03
  879.571   513.000  -0.654250E-03
  880.070   513.000  -0.742559E-03
  880.570   513.000  -0.816684E-03
  881.070   513.000  -0.876434E-03
  881.570   513.000  -0.921905E-03
  882.069   513.000  -0.953468E-03
  882.569   513.000  -0.971769E-03
  883.069   513.000  -0.977716E-03
  883.569   513.000  -0.972465E-03
  884.068   513.000  -0.957394E-03
  884.568   513.000  -0.934074E-03
  885.068   513.000  -0.904237E-03
  885.568   513.000  -0.869752E-03
  886.067   513.000  -0.832598E-03
  886.567   513.000  -0.794820E-03
  887.067   513.000  -0.758480E-03
  887.567   513.000  -0.725645E-03
  888.066   513.000  -0.698366E-03
  888.566   513.000  -0.678607E-03
  889.066   513.000  -0.668168E-03
  889.566   513.000  -0.668724E-03
  890.065   513.000  -0.681851E-03
  890.565   513.000  -0.708914E-03
  891.065   513.000  -0.750981E-03
  891.565   513.000  -0.808892E-03
  892.065   513.000  -0.883284E-03
  892.564   513.000  -0.974529E-03
  893.064   513.000  -0.108270E-02
  893.564   513.000  -0.120758E-02
  894.064   513.000  -0.134868E-02
  894.563   513.000  -0.150524E-02
  895.063   513.000  -0.167624E-02
  895.563   513.000  -0.186045E-02
  896.063   513.000  -0.205641E-02
  896.562   513.000  -0.226241E-02
  897.062   513.000  -0.247660E-02
  897.562   513.000  -0.269691E-02
  898.062   513.000  -0.292124E-02
  898.561   513.000  -0.314741E-02
  899.061   513.000  -0.337310E-02
  899.561   513.000  -0.359596E-02
  900.061   513.000  -0.381370E-02
  900.560   513.000  -0.402407E-02
  901.060   513.000  -0.422491E-02
  901.560   513.000  -0.441413E-02
  902.060   513.000  -0.458982E-02
  902.559   513.000  -0.475021E-02
  903.059   513.000  -0.489372E-02
  903.559   513.000  -0.501897E-02
  904.059   513.000  -0.512486E-02
  904.558   513.000  -0.521053E-02
  905.058   513.000  -0.527537E-02
  905.558   513.000  -0.531901E-02
  906.058   513.000  -0.534139E-02
  906.557   513.000  -0.534270E-02
  907.057   513.000  -0.532341E-02
  907.557   513.000  -0.528424E-02
  908.057   513.000  -0.522618E-02
  908.556   513.000  -0.515045E-02
  909.056   513.000  -0.505844E-02
  909.556   513.000  -0.495176E-02
  910.056   513.000  -0.483220E-02
  910.555   513.000  -0.470166E-02
  911.055   513.000  -0.456216E-02
  911.555   513.000  -0.441579E-02
  912.055   513.000  -0.426471E-02
  912.554   513.000  -0.411111E-02
  913.054   513.000  -0.395712E-02
  913.554   513.000  -0.380483E-02
  914.054   513.000  -0.365631E-02
  914.553   513.000  -0.351349E-02
  915.053   513.000  -0.337815E-02
  915.553   513.000  -0.325194E-02
  916.053   513.000  -0.313633E-02
  916.552   513.000  -0.303263E-02
  917.052   513.000  -0.294189E-02
  917.552   513.000  -0.286496E-02
  918.052   513.000  -0.280249E-02
  918.552   513.000  -0.275486E-02
  919.051   513.000  -0.272224E-02
  919.551   513.000  -0.270453E-02
  920.051   513.000  -0.270145E-02
  920.551   513.000  -0.271248E-02
  921.050   513.000  -0.273691E-02
  921.550   513.000  -0.277382E-02
  922.050   513.000  -0.282214E-02
  922.550   513.000  -0.288064E-02
  923.049   513.000  -0.294796E-02
  923.549   513.000  -0.302264E-02
  924.049   513.000  -0.310313E-02
  924.549   513.000  -0.318782E-02
  925.048   513.000  -0.327508E-02
  925.548   513.000  -0.336327E-02
  926.048   513.000  -0.345074E-02
  926.548   513.000  -0.353590E-02
  927.047   513.000  -0.361721E-02
  927.547   513.000  -0.369324E-02
  928.047   513.000  -0.376263E-02
  928.547   513.000  -0.382411E-02
  929.046   513.000  -0.387656E-02
  929.546   513.000  -0.391895E-02
  930.046   513.000  -0.395046E-02
  930.546   513.000  -0.397041E-02
  931.045   513.000  -0.397823E-02
  931.545   513.000  -0.397350E-02
  932.045   513.000  -0.395594E-02
  932.545   513.000  -0.392541E-02
  933.044   513.000  -0.388193E-02
  933.544   513.000  -0.382562E-02
  934.044   513.000  -0.375673E-02
  934.544   513.000  -0.367561E-02
  935.043   513.000  -0.358265E-02
  935.543   513.000  -0.347835E-02
  936.043   513.000  -0.336327E-02
  936.543   513.000  -0.323801E-02
  937.042   513.000  -0.310321E-02
  937.542   513.000  -0.295952E-02
  938.042   513.000  -0.280761E-02
  938.542   513.000  -0.264816E-02
  939.042   513.000  -0.248180E-02
  939.541   513.000  -0.230916E-02
  940.041   513.000  -0.213087E-02
  940.541   513.000  -0.194755E-02
  941.041   513.000  -0.175972E-02
  941.540   513.000  -0.156790E-02
  942.040   513.000  -0.137258E-02
  942.540   513.000  -0.117426E-02
  943.040   513.000  -0.973351E-03
  943.539   513.000  -0.770267E-03
  944.039   513.000  -0.565444E-03
  944.539   513.000  -0.359304E-03
  945.039   513.000  -0.152223E-03
  945.538   513.000   0.554126E-04
  946.038   513.000   0.263158E-03
  946.538   513.000   0.470544E-03
  947.038   513.000   0.677103E-03
  947.537   513.000   0.882331E-03
  948.037   513.000   0.108567E-02
  948.537   513.000   0.128653E-02
  949.037   513.000   0.148426E-02
  949.536   513.000   0.167818E-02
  950.036   513.000   0.186755E-02
  950.536   513.000   0.205156E-02
  951.036   513.000   0.222938E-02
  951.535   513.000   0.240016E-02
  952.035   513.000   0.256299E-02
  952.535   513.000   0.271698E-02
  953.035   513.000   0.286116E-02
  953.534   513.000   0.299461E-02
  954.034   513.000   0.311639E-02
  954.534   513.000   0.322561E-02
  955.034   513.000   0.332140E-02
  955.533   513.000   0.340290E-02
  956.033   513.000   0.346934E-02
  956.533   513.000   0.352002E-02
  957.033   513.000   0.355433E-02
  957.532   513.000   0.357177E-02
  958.032   513.000   0.357192E-02
  958.532   513.000   0.355450E-02
  959.032   513.000   0.351928E-02
  959.531   513.000   0.346618E-02
  960.031   513.000   0.339535E-02
  960.531   513.000   0.330703E-02
  961.031   513.000   0.320159E-02
  961.531   513.000   0.307952E-02
  962.030   513.000   0.294144E-02
  962.530   513.000   0.278810E-02
  963.030   513.000   0.262043E-02
  963.530   513.000   0.243947E-02
  964.029   513.000   0.224635E-02
  964.529   513.000   0.204232E-02
  965.029   513.000   0.182871E-02
  965.529   513.000   0.160692E-02
  966.028   513.000   0.137842E-02
  966.528   513.000   0.114470E-02
  967.028   513.000   0.907279E-03
  967.528   513.000   0.667702E-03
  968.027   513.000   0.427589E-03
  968.527   513.000   0.188536E-03
  969.027   513.000  -0.479725E-04
  969.527   513.000  -0.280496E-03
  970.026   513.000  -0.507577E-03
  970.526   513.000  -0.727837E-03
  971.026   513.000  -0.940045E-03
  971.526   513.000  -0.114306E-02
  972.025   513.000  -0.133579E-02
  972.525   513.000  -0.151725E-02
  973.025   513.000  -0.168666E-02
  973.525   513.000  -0.184333E-02
  974.024   513.000  -0.198666E-02
  974.524   513.000  -0.211618E-02
  975.024   513.000  -0.223167E-02
  975.524   513.000  -0.233302E-02
  976.023   513.000  -0.242020E-02
  976.523   513.000  -0.249328E-02
  977.023   513.000  -0.255258E-02
  977.523   513.000  -0.259855E-02
  978.022   513.000  -0.263164E-02
  978.522   513.000  -0.265245E-02
  979.022   513.000  -0.266181E-02
  979.522   513.000  -0.266064E-02
  980.021   513.000  -0.264985E-02
  980.521   513.000  -0.263042E-02
  981.021   513.000  -0.260343E-02
  981.521   513.000  -0.257004E-02
  982.021   513.000  -0.253145E-02
  982.520   513.000  -0.248888E-02
  983.020   513.000  -0.244357E-02
  983.520   513.000  -0.239674E-02
  984.020   513.000  -0.234963E-02
  984.519   513.000  -0.230340E-02
  985.019   513.000  -0.225921E-02
  985.519   513.000  -0.221818E-02
  986.019   513.000  -0.218130E-02
  986.518   513.000  -0.214953E-02
  987.018   513.000  -0.212374E-02
  987.518   513.000  -0.210472E-02
  988.018   513.000  -0.209313E-02
  988.517   513.000  -0.208950E-02
  989.017   513.000  -0.209421E-02
  989.517   513.000  -0.210751E-02
  990.017   513.000  -0.212962E-02
  990.516   513.000  -0.216061E-02
  991.016   513.000  -0.220032E-02
  991.516   513.000  -0.224845E-02
  992.016   513.000  -0.230466E-02
  992.515   513.000  -0.236848E-02
  993.015   513.000  -0.243931E-02
  993.515   513.000  -0.251645E-02
  994.015   513.000  -0.259909E-02
  994.514   513.000  -0.268631E-02
  995.014   513.000  -0.277712E-02
  995.514   513.000  -0.287047E-02
  996.014   513.000  -0.296535E-02
  996.513   513.000  -0.306070E-02
  997.013   513.000  -0.315532E-02
  997.513   513.000  -0.324805E-02
  998.013   513.000  -0.333780E-02
  998.512   513.000  -0.342357E-02
  999.012   513.000  -0.350427E-02
  999.512   513.000  -0.357890E-02
 1000.012   513.000  -0.364661E-02
 1000.511   513.000  -0.370666E-02
 1001.011   513.000  -0.375832E-02
 1001.511   513.000  -0.380097E-02
 1002.011   513.000  -0.383411E-02
 1002.510   513.000  -0.385740E-02
 1003.010   513.000  -0.387057E-02
 1003.510   513.000  -0.387354E-02
 1004.010   513.000  -0.386634E-02
 1004.510   513.000  -0.384914E-02
 1005.009   513.000  -0.382219E-02
 1005.509   513.000  -0.378586E-02
 1006.009   513.000  -0.374068E-02
 1006.509   513.000  -0.368727E-02
 1007.008   513.000  -0.362636E-02
 1007.508   513.000  -0.355870E-02
 1008.008   513.000  -0.348505E-02
 1008.508   513.000  -0.340620E-02
 1009.007   513.000  -0.332327E-02
 1009.507   513.000  -0.323735E-02
 1010.007   513.000  -0.314936E-02
 1010.507   513.000  -0.306015E-02
 1011.006   513.000  -0.297080E-02
 1011.506   513.000  -0.288234E-02
 1012.006   513.000  -0.279545E-02
 1012.506   513.000  -0.271083E-02
 1013.005   513.000  -0.262963E-02
 1013.505   513.000  -0.255287E-02
 1014.005   513.000  -0.248084E-02
 1014.505   513.000  -0.241374E-02
 1015.004   513.000  -0.235226E-02
 1015.504   513.000  -0.229707E-02
 1016.004   513.000  -0.224830E-02
 1016.504   513.000  -0.220600E-02
 1017.003   513.000  -0.217056E-02
 1017.503   513.000  -0.214223E-02
 1018.003   513.000  -0.212039E-02
 1018.503   513.000  -0.210441E-02
 1019.002   513.000  -0.209461E-02
 1019.502   513.000  -0.209127E-02
 1020.002   513.000  -0.209372E-02
 1020.502   513.000  -0.210121E-02
 1021.001   513.000  -0.211387E-02
 1021.501   513.000  -0.213195E-02
 1022.001   513.000  -0.215371E-02
 1022.501   513.000  -0.217738E-02
 1023.000   513.000  -0.220739E-02
 1023.500   513.000  -0.224519E-02
 1024.000   513.000  -0.227679E-02
